2 2 2 16 
2 2 4 13 
2 2 5 14 
2 2 6 11 
2 2 8 5 
2 2 11 4 
2 2 11 5 
2 2 12 11 
2 2 14 7 
2 2 15 5 
2 2 16 16 
2 2 23 3 
2 2 25 33 
2 2 32 3 
2 3 3 8 
2 3 4 32 
2 3 6 22 
2 3 7 3 
2 3 11 10 
2 3 11 13 
2 3 12 14 
2 3 15 3 
2 3 16 34 
2 3 23 3 
2 3 23 10 
2 3 25 5 
2 3 32 3 
2 3 33 7 
2 3 34 15 
2 3 34 32 
2 4 2 8 
2 4 2 11 
2 4 3 8 
2 4 4 10 
2 4 5 16 
2 4 6 23 
2 4 7 2 
2 4 8 25 
2 4 12 14 
2 4 23 11 
2 4 23 13 
2 4 23 15 
2 4 34 15 
2 4 34 25 
2 5 2 5 
2 5 3 8 
2 5 3 15 
2 5 3 34 
2 5 4 7 
2 5 6 12 
2 5 11 12 
2 5 13 4 
2 5 14 6 
2 5 14 25 
2 5 15 6 
2 5 15 8 
2 5 23 11 
2 5 32 4 
2 5 33 34 
2 5 34 4 
2 6 4 4 
2 6 6 12 
2 6 7 2 
2 6 8 23 
2 6 8 32 
2 6 11 12 
2 6 11 34 
2 6 12 4 
2 6 12 10 
2 6 12 32 
2 6 23 32 
2 7 2 3 
2 7 3 12 
2 7 6 22 
2 7 8 34 
2 7 10 16 
2 7 12 2 
2 7 12 5 
2 7 13 3 
2 7 23 5 
2 7 23 14 
2 7 23 16 
2 7 25 25 
2 7 33 32 
2 8 5 12 
2 8 5 15 
2 8 7 8 
2 8 13 16 
2 8 14 13 
2 8 14 15 
2 8 14 25 
2 8 22 3 
2 8 22 23 
2 8 23 12 
2 8 25 7 
2 8 33 12 
2 8 34 8 
2 10 4 13 
2 10 6 6 
2 10 11 16 
2 10 12 3 
2 10 12 25 
2 10 13 6 
2 10 16 2 
2 10 23 14 
2 10 23 22 
2 10 25 2 
2 10 25 13 
2 10 33 11 
2 10 34 25 
2 11 3 14 
2 11 4 10 
2 11 7 34 
2 11 15 6 
2 11 15 11 
2 11 16 23 
2 11 23 11 
2 11 32 32 
2 11 33 8 
2 11 33 11 
2 12 6 12 
2 12 7 3 
2 12 7 32 
2 12 10 7 
2 12 23 14 
2 12 23 15 
2 12 23 32 
2 12 25 32 
2 12 32 8 
2 12 34 6 
2 13 5 14 
2 13 6 6 
2 13 7 10 
2 13 8 8 
2 13 13 33 
2 13 14 22 
2 13 23 13 
2 13 34 6 
2 13 34 7 
2 14 4 3 
2 14 4 14 
2 14 5 32 
2 14 8 3 
2 14 10 3 
2 14 12 22 
2 14 15 3 
2 14 15 32 
2 14 22 2 
2 14 22 4 
2 14 23 14 
2 14 32 5 
2 14 32 8 
2 15 2 22 
2 15 4 13 
2 15 6 2 
2 15 7 2 
2 15 8 14 
2 15 13 32 
2 15 23 12 
2 15 23 33 
2 15 25 7 
2 15 33 3 
2 15 34 7 
2 15 34 33 
2 16 3 6 
2 16 4 4 
2 16 4 23 
2 16 5 16 
2 16 10 15 
2 16 11 5 
2 16 13 4 
2 16 13 16 
2 16 15 12 
2 16 16 23 
2 16 22 15 
2 16 23 7 
2 16 23 8 
2 16 23 10 
2 16 23 25 
2 16 33 5 
2 16 33 11 
2 22 3 3 
2 22 3 12 
2 22 4 11 
2 22 6 5 
2 22 6 13 
2 22 8 3 
2 22 8 6 
2 22 14 3 
2 22 23 12 
2 22 23 23 
2 22 23 32 
2 22 25 16 
2 22 32 25 
2 22 32 32 
2 22 33 12 
2 22 33 13 
2 22 34 11 
2 22 34 22 
2 23 2 11 
2 23 3 5 
2 23 3 6 
2 23 3 16 
2 23 5 5 
2 23 5 12 
2 23 5 14 
2 23 5 22 
2 23 6 11 
2 23 7 2 
2 23 8 13 
2 23 8 15 
2 23 10 6 
2 23 10 10 
2 23 11 5 
2 23 11 13 
2 23 13 5 
2 23 13 33 
2 23 14 22 
2 23 15 5 
2 23 15 12 
2 23 15 33 
2 23 16 23 
2 23 22 3 
2 23 22 11 
2 23 22 16 
2 23 23 2 
2 23 23 23 
2 23 25 32 
2 23 32 16 
2 23 33 3 
2 25 2 13 
2 25 3 23 
2 25 3 32 
2 25 5 23 
2 25 7 3 
2 25 7 4 
2 25 12 4 
2 25 13 34 
2 25 16 4 
2 25 23 15 
2 25 23 33 
2 32 2 7 
2 32 3 23 
2 32 8 14 
2 32 12 16 
2 32 12 23 
2 32 13 5 
2 32 23 15 
2 32 23 34 
2 32 32 4 
2 32 34 7 
2 32 34 8 
2 33 2 8 
2 33 2 22 
2 33 2 25 
2 33 4 22 
2 33 8 13 
2 33 8 15 
2 33 10 34 
2 33 14 13 
2 33 16 22 
2 33 22 14 
2 33 25 10 
2 33 33 11 
2 34 3 6 
2 34 6 33 
2 34 8 8 
2 34 8 13 
2 34 11 7 
2 34 13 32 
2 34 22 4 
2 34 32 2 
2 34 33 6 
3 2 4 16 
3 2 5 13 
3 2 6 3 
3 2 10 23 
3 2 14 23 
3 2 15 2 
3 2 22 3 
3 2 25 3 
3 2 32 15 
3 2 33 34 
3 3 2 2 
3 3 3 5 
3 3 3 23 
3 3 6 10 
3 3 8 13 
3 3 11 23 
3 3 11 25 
3 3 15 16 
3 3 23 7 
3 3 25 2 
3 3 34 33 
3 4 3 33 
3 4 4 12 
3 4 6 16 
3 4 7 7 
3 4 7 22 
3 4 10 3 
3 4 10 15 
3 4 11 2 
3 4 12 14 
3 4 12 23 
3 4 13 5 
3 4 13 33 
3 4 15 8 
3 4 15 10 
3 4 16 22 
3 4 22 10 
3 4 23 10 
3 5 3 4 
3 5 5 34 
3 5 7 2 
3 5 10 2 
3 5 10 3 
3 5 10 34 
3 5 11 15 
3 5 12 5 
3 5 13 11 
3 5 14 8 
3 5 14 15 
3 5 15 5 
3 5 15 7 
3 5 15 16 
3 5 16 5 
3 5 16 12 
3 5 16 14 
3 5 16 32 
3 5 23 16 
3 5 32 23 
3 6 4 8 
3 6 4 25 
3 6 5 3 
3 6 6 2 
3 6 6 23 
3 6 8 25 
3 6 10 12 
3 6 11 6 
3 6 11 13 
3 6 11 23 
3 6 12 32 
3 6 13 5 
3 6 14 6 
3 6 15 23 
3 6 23 5 
3 6 23 12 
3 6 23 22 
3 6 23 33 
3 6 32 6 
3 6 33 23 
3 7 7 22 
3 7 8 16 
3 7 8 25 
3 7 8 34 
3 7 10 10 
3 7 13 11 
3 7 22 3 
3 7 23 3 
3 7 23 13 
3 7 23 25 
3 7 23 32 
3 7 32 14 
3 8 2 11 
3 8 6 14 
3 8 6 15 
3 8 6 22 
3 8 6 34 
3 8 10 3 
3 8 10 7 
3 8 10 13 
3 8 10 32 
3 8 12 16 
3 8 14 10 
3 8 23 4 
3 8 33 23 
3 8 33 34 
3 10 2 4 
3 10 3 15 
3 10 4 7 
3 10 6 34 
3 10 11 15 
3 10 13 23 
3 10 14 15 
3 10 22 5 
3 10 23 3 
3 11 2 11 
3 11 3 23 
3 11 4 23 
3 11 4 25 
3 11 5 2 
3 11 7 12 
3 11 8 4 
3 11 8 5 
3 11 10 4 
3 11 12 13 
3 11 12 33 
3 11 13 10 
3 11 14 10 
3 11 15 2 
3 11 16 10 
3 11 22 12 
3 11 23 25 
3 11 23 33 
3 11 25 7 
3 11 32 6 
3 12 2 5 
3 12 2 23 
3 12 5 11 
3 12 7 33 
3 12 10 6 
3 12 10 33 
3 12 11 34 
3 12 15 11 
3 12 15 22 
3 12 16 7 
3 12 22 7 
3 12 23 15 
3 12 32 12 
3 13 4 25 
3 13 5 4 
3 13 5 8 
3 13 10 4 
3 13 11 8 
3 13 11 22 
3 13 11 23 
3 13 13 23 
3 13 13 33 
3 13 15 14 
3 13 15 32 
3 13 16 8 
3 13 25 11 
3 13 25 22 
3 13 32 4 
3 13 32 15 
3 13 33 34 
3 13 34 15 
3 14 2 4 
3 14 3 6 
3 14 3 22 
3 14 4 6 
3 14 6 11 
3 14 6 33 
3 14 10 2 
3 14 14 7 
3 14 14 8 
3 14 15 2 
3 14 23 2 
3 14 23 4 
3 14 23 5 
3 14 23 7 
3 14 23 34 
3 14 25 13 
3 14 25 15 
3 14 32 3 
3 14 32 25 
3 14 32 33 
3 15 2 11 
3 15 6 6 
3 15 14 32 
3 15 15 3 
3 15 23 2 
3 15 25 25 
3 16 2 10 
3 16 4 2 
3 16 7 10 
3 16 8 34 
3 16 11 2 
3 16 11 34 
3 16 15 34 
3 16 23 15 
3 16 25 3 
3 16 25 5 
3 16 25 6 
3 16 32 8 
3 16 32 12 
3 22 6 2 
3 22 8 16 
3 22 11 4 
3 22 12 12 
3 22 14 3 
3 22 14 23 
3 22 15 10 
3 22 22 25 
3 22 23 15 
3 22 23 23 
3 22 34 16 
3 22 34 34 
3 23 2 5 
3 23 2 7 
3 23 2 34 
3 23 3 3 
3 23 3 7 
3 23 4 16 
3 23 5 4 
3 23 5 25 
3 23 5 33 
3 23 6 11 
3 23 6 34 
3 23 8 7 
3 23 12 3 
3 23 12 15 
3 23 14 16 
3 23 14 32 
3 23 15 11 
3 23 16 4 
3 23 22 15 
3 23 22 16 
3 23 22 22 
3 23 22 25 
3 23 25 4 
3 23 25 23 
3 23 25 25 
3 23 32 34 
3 23 33 10 
3 23 33 33 
3 25 6 22 
3 25 6 23 
3 25 6 25 
3 25 7 23 
3 25 8 16 
3 25 10 5 
3 25 10 7 
3 25 10 14 
3 25 11 4 
3 25 15 10 
3 25 15 23 
3 25 16 33 
3 25 22 6 
3 25 22 16 
3 25 23 14 
3 25 34 13 
3 32 2 34 
3 32 3 33 
3 32 3 34 
3 32 10 5 
3 32 10 12 
3 32 15 12 
3 32 15 22 
3 32 23 8 
3 32 23 23 
3 32 25 14 
3 32 33 14 
3 32 34 11 
3 33 3 4 
3 33 3 6 
3 33 3 25 
3 33 8 32 
3 33 12 22 
3 33 13 8 
3 33 14 2 
3 33 22 12 
3 33 22 15 
3 33 23 14 
3 33 25 34 
3 33 32 11 
3 33 32 14 
3 33 33 7 
3 33 33 23 
3 33 33 25 
3 33 34 4 
3 34 3 10 
3 34 3 12 
3 34 3 13 
3 34 5 5 
3 34 5 33 
3 34 8 23 
3 34 12 10 
3 34 12 12 
3 34 12 14 
3 34 23 16 
3 34 33 7 
3 34 33 8 
3 34 33 14 
3 34 34 8 
3 34 34 15 
4 2 3 5 
4 2 5 3 
4 2 5 12 
4 2 6 8 
4 2 7 11 
4 2 10 12 
4 2 12 15 
4 2 16 14 
4 2 22 16 
4 2 22 25 
4 2 22 32 
4 2 23 6 
4 2 34 16 
4 3 2 23 
4 3 3 7 
4 3 4 3 
4 3 8 34 
4 3 10 15 
4 3 12 10 
4 3 14 6 
4 3 16 23 
4 3 23 2 
4 3 34 14 
4 4 4 14 
4 4 7 23 
4 4 14 23 
4 4 14 32 
4 4 15 2 
4 4 16 7 
4 4 16 32 
4 4 25 12 
4 4 25 34 
4 5 3 6 
4 5 3 25 
4 5 5 16 
4 5 14 22 
4 5 16 3 
4 5 23 8 
4 5 23 13 
4 5 25 10 
4 5 32 22 
4 5 33 14 
4 6 3 12 
4 6 5 23 
4 6 7 11 
4 6 10 3 
4 6 11 23 
4 6 12 23 
4 6 13 5 
4 6 15 8 
4 6 16 6 
4 6 25 10 
4 6 25 23 
4 7 2 6 
4 7 2 33 
4 7 3 22 
4 7 4 5 
4 7 5 33 
4 7 6 10 
4 7 7 6 
4 7 7 15 
4 7 7 16 
4 7 10 16 
4 7 11 23 
4 7 13 15 
4 7 16 15 
4 7 22 3 
4 7 25 3 
4 7 32 2 
4 7 34 14 
4 7 34 25 
4 8 3 8 
4 8 3 15 
4 8 8 7 
4 8 8 23 
4 8 11 4 
4 8 12 4 
4 8 14 3 
4 8 14 33 
4 8 15 3 
4 8 15 23 
4 8 23 25 
4 8 23 34 
4 8 34 3 
4 10 2 4 
4 10 2 10 
4 10 2 13 
4 10 3 14 
4 10 4 34 
4 10 6 13 
4 10 7 14 
4 10 8 8 
4 10 8 14 
4 10 11 2 
4 10 11 13 
4 10 11 32 
4 10 12 22 
4 10 23 23 
4 10 23 25 
4 11 8 6 
4 11 10 14 
4 11 16 10 
4 11 22 13 
4 11 23 15 
4 11 25 3 
4 11 33 11 
4 11 33 32 
4 11 34 3 
4 11 34 4 
4 12 2 3 
4 12 2 5 
4 12 2 34 
4 12 6 14 
4 12 6 22 
4 12 7 23 
4 12 10 33 
4 12 12 3 
4 12 13 11 
4 12 15 5 
4 12 23 32 
4 12 23 34 
4 12 25 5 
4 12 25 6 
4 12 25 22 
4 12 32 10 
4 12 34 32 
4 13 4 4 
4 13 7 10 
4 13 7 25 
4 13 12 7 
4 13 16 2 
4 13 16 22 
4 13 23 3 
4 13 23 15 
4 13 25 23 
4 13 34 5 
4 13 34 13 
4 14 2 14 
4 14 3 11 
4 14 11 8 
4 14 23 4 
4 14 32 4 
4 14 33 11 
4 15 2 8 
4 15 6 6 
4 15 8 8 
4 15 10 11 
4 15 12 4 
4 15 12 32 
4 15 13 32 
4 15 14 5 
4 15 23 15 
4 15 23 32 
4 15 33 10 
4 15 34 11 
4 15 34 34 
4 16 2 14 
4 16 2 25 
4 16 5 11 
4 16 7 23 
4 16 25 3 
4 16 25 23 
4 22 2 23 
4 22 5 12 
4 22 5 33 
4 22 8 4 
4 22 8 11 
4 22 8 12 
4 22 10 3 
4 22 12 10 
4 22 12 14 
4 22 12 33 
4 22 13 22 
4 22 13 33 
4 22 15 33 
4 22 16 16 
4 22 25 16 
4 22 25 22 
4 23 3 5 
4 23 3 23 
4 23 8 12 
4 23 10 4 
4 23 10 15 
4 23 11 6 
4 23 11 8 
4 23 12 6 
4 23 12 16 
4 23 13 7 
4 23 13 10 
4 23 14 22 
4 23 14 32 
4 23 15 13 
4 23 16 23 
4 23 23 4 
4 23 23 6 
4 23 23 11 
4 23 23 22 
4 23 25 15 
4 23 32 3 
4 23 33 13 
4 23 33 15 
4 25 3 32 
4 25 6 32 
4 25 10 16 
4 25 13 8 
4 25 15 8 
4 25 22 8 
4 25 25 7 
4 25 32 3 
4 25 32 15 
4 25 32 25 
4 25 33 14 
4 32 2 10 
4 32 2 32 
4 32 5 2 
4 32 5 33 
4 32 6 13 
4 32 6 23 
4 32 8 4 
4 32 8 23 
4 32 10 7 
4 32 10 23 
4 32 11 15 
4 32 12 4 
4 32 12 10 
4 32 12 14 
4 32 13 2 
4 32 15 34 
4 32 23 4 
4 32 23 8 
4 32 23 23 
4 32 25 2 
4 32 25 16 
4 32 32 5 
4 33 2 16 
4 33 2 34 
4 33 6 10 
4 33 7 10 
4 33 7 23 
4 33 10 7 
4 33 12 23 
4 33 13 16 
4 33 15 2 
4 33 16 23 
4 33 22 14 
4 33 23 11 
4 33 23 15 
4 33 23 16 
4 33 25 8 
4 33 32 12 
4 33 33 15 
4 33 34 12 
4 34 6 3 
4 34 10 13 
4 34 13 32 
4 34 14 3 
4 34 22 6 
4 34 22 33 
4 34 23 10 
4 34 32 6 
4 34 32 8 
4 34 34 10 
4 34 34 11 
5 2 3 25 
5 2 7 16 
5 2 8 3 
5 2 12 23 
5 2 14 14 
5 2 33 13 
5 2 33 34 
5 3 3 16 
5 3 7 22 
5 3 11 23 
5 3 13 8 
5 3 13 33 
5 3 15 5 
5 3 22 10 
5 3 25 6 
5 3 34 22 
5 4 3 2 
5 4 4 8 
5 4 8 22 
5 4 10 8 
5 4 11 4 
5 4 11 12 
5 4 11 33 
5 4 13 13 
5 4 13 14 
5 4 14 10 
5 4 14 11 
5 4 15 3 
5 4 15 8 
5 4 23 4 
5 4 23 10 
5 4 23 25 
5 4 25 5 
5 4 25 15 
5 4 25 33 
5 4 32 3 
5 5 2 12 
5 5 2 22 
5 5 3 10 
5 5 5 7 
5 5 6 11 
5 5 7 2 
5 5 7 23 
5 5 8 15 
5 5 8 33 
5 5 12 13 
5 5 12 23 
5 5 12 32 
5 5 12 34 
5 5 13 33 
5 5 23 23 
5 5 32 22 
5 6 2 15 
5 6 3 33 
5 6 4 2 
5 6 4 23 
5 6 5 3 
5 6 5 8 
5 6 5 23 
5 6 10 23 
5 6 10 25 
5 6 11 6 
5 6 12 8 
5 6 12 15 
5 6 14 13 
5 6 16 23 
5 6 23 2 
5 6 23 7 
5 6 23 8 
5 6 25 14 
5 6 33 11 
5 7 3 23 
5 7 3 34 
5 7 4 3 
5 7 4 7 
5 7 4 13 
5 7 4 23 
5 7 5 3 
5 7 8 7 
5 7 11 25 
5 7 25 23 
5 7 25 34 
5 8 2 11 
5 8 2 13 
5 8 3 7 
5 8 3 14 
5 8 4 6 
5 8 7 3 
5 8 7 23 
5 8 7 33 
5 8 10 33 
5 8 11 23 
5 8 11 33 
5 8 12 6 
5 8 12 33 
5 8 15 13 
5 8 16 11 
5 8 23 33 
5 8 32 25 
5 10 2 4 
5 10 2 23 
5 10 2 25 
5 10 3 14 
5 10 7 33 
5 10 8 4 
5 10 13 23 
5 10 14 23 
5 10 15 3 
5 10 16 22 
5 10 22 22 
5 10 33 15 
5 10 34 5 
5 11 4 15 
5 11 4 23 
5 11 5 23 
5 11 11 25 
5 11 15 14 
5 11 16 3 
5 11 16 23 
5 11 22 5 
5 11 23 5 
5 11 23 23 
5 11 32 10 
5 11 33 25 
5 12 2 23 
5 12 3 2 
5 12 6 7 
5 12 7 13 
5 12 8 2 
5 12 8 6 
5 12 10 32 
5 12 11 7 
5 12 14 15 
5 12 22 25 
5 12 32 33 
5 12 33 8 
5 12 34 16 
5 13 5 6 
5 13 5 11 
5 13 7 14 
5 13 11 14 
5 13 11 34 
5 13 12 2 
5 13 12 13 
5 13 12 23 
5 13 15 5 
5 13 16 5 
5 13 16 7 
5 13 23 7 
5 13 23 10 
5 13 23 23 
5 13 32 5 
5 13 32 11 
5 14 6 13 
5 14 7 32 
5 14 10 6 
5 14 11 25 
5 14 14 33 
5 14 14 34 
5 14 15 3 
5 14 15 11 
5 14 15 22 
5 14 22 32 
5 14 33 3 
5 14 34 7 
5 15 4 2 
5 15 4 3 
5 15 8 16 
5 15 11 6 
5 15 12 12 
5 15 13 23 
5 15 16 23 
5 15 23 8 
5 15 25 33 
5 15 32 6 
5 15 33 3 
5 15 33 15 
5 15 33 33 
5 16 2 6 
5 16 4 12 
5 16 10 10 
5 16 12 23 
5 16 13 13 
5 16 14 2 
5 16 15 25 
5 16 22 8 
5 16 23 22 
5 16 25 6 
5 22 3 4 
5 22 5 10 
5 22 5 13 
5 22 6 22 
5 22 7 14 
5 22 7 16 
5 22 10 6 
5 22 11 11 
5 22 11 16 
5 22 13 32 
5 22 14 7 
5 22 15 2 
5 22 25 33 
5 22 32 22 
5 22 33 23 
5 23 2 7 
5 23 2 15 
5 23 3 3 
5 23 5 32 
5 23 5 34 
5 23 6 6 
5 23 7 32 
5 23 8 13 
5 23 8 23 
5 23 10 12 
5 23 11 33 
5 23 12 15 
5 23 12 22 
5 23 13 7 
5 23 13 23 
5 23 15 3 
5 23 15 22 
5 23 15 23 
5 23 16 3 
5 23 16 14 
5 23 16 16 
5 23 22 12 
5 23 22 23 
5 23 23 6 
5 23 23 10 
5 23 23 16 
5 23 25 10 
5 23 25 12 
5 23 32 25 
5 23 33 23 
5 23 33 34 
5 23 34 7 
5 23 34 25 
5 23 34 34 
5 25 2 12 
5 25 8 10 
5 25 13 14 
5 25 15 14 
5 25 15 22 
5 25 32 14 
5 25 32 25 
5 25 33 6 
5 32 2 15 
5 32 3 13 
5 32 4 5 
5 32 5 2 
5 32 6 3 
5 32 6 22 
5 32 7 7 
5 32 8 25 
5 32 8 33 
5 32 10 11 
5 32 11 13 
5 32 12 14 
5 32 14 33 
5 32 15 25 
5 32 16 33 
5 32 25 7 
5 32 25 14 
5 32 32 23 
5 32 32 34 
5 33 3 6 
5 33 4 3 
5 33 4 5 
5 33 4 14 
5 33 6 12 
5 33 6 22 
5 33 6 33 
5 33 10 33 
5 33 11 13 
5 33 12 2 
5 33 12 4 
5 33 15 2 
5 33 16 15 
5 33 16 22 
5 33 16 23 
5 33 23 7 
5 33 25 4 
5 33 33 12 
5 34 2 11 
5 34 2 25 
5 34 3 12 
5 34 3 14 
5 34 4 22 
5 34 5 34 
5 34 6 15 
5 34 7 6 
5 34 8 10 
5 34 8 22 
5 34 10 10 
5 34 11 16 
5 34 16 8 
5 34 23 11 
5 34 23 25 
5 34 32 34 
5 34 33 33 
6 2 4 23 
6 2 6 15 
6 2 7 5 
6 2 8 13 
6 2 11 10 
6 2 13 3 
6 2 14 2 
6 2 16 23 
6 2 16 34 
6 2 22 15 
6 2 23 4 
6 2 25 4 
6 2 34 16 
6 3 2 23 
6 3 3 5 
6 3 3 11 
6 3 5 2 
6 3 5 25 
6 3 6 16 
6 3 6 23 
6 3 8 12 
6 3 10 4 
6 3 11 6 
6 3 11 12 
6 3 11 25 
6 3 13 13 
6 3 14 7 
6 3 22 12 
6 3 22 13 
6 3 23 5 
6 3 23 14 
6 3 23 23 
6 3 23 33 
6 3 25 12 
6 3 33 23 
6 4 2 33 
6 4 4 6 
6 4 4 25 
6 4 7 6 
6 4 7 25 
6 4 11 23 
6 4 13 2 
6 4 15 15 
6 4 16 4 
6 4 23 2 
6 4 23 8 
6 4 25 16 
6 4 34 2 
6 4 34 13 
6 5 2 22 
6 5 2 23 
6 5 3 4 
6 5 3 10 
6 5 3 11 
6 5 4 5 
6 5 4 10 
6 5 7 6 
6 5 8 7 
6 5 8 23 
6 5 10 14 
6 5 11 15 
6 5 13 7 
6 5 14 8 
6 5 14 11 
6 5 14 23 
6 5 14 25 
6 5 16 32 
6 5 22 5 
6 5 23 10 
6 5 25 12 
6 5 32 23 
6 6 5 6 
6 6 6 8 
6 6 6 16 
6 6 6 33 
6 6 7 8 
6 6 10 15 
6 6 12 12 
6 6 13 12 
6 6 15 5 
6 6 22 8 
6 6 22 14 
6 6 23 5 
6 6 23 14 
6 6 32 3 
6 6 32 8 
6 6 33 4 
6 6 33 12 
6 6 33 23 
6 7 2 25 
6 7 7 14 
6 7 10 32 
6 7 11 4 
6 7 11 14 
6 7 12 23 
6 7 14 11 
6 7 23 11 
6 7 23 33 
6 7 32 10 
6 7 33 25 
6 8 2 5 
6 8 3 13 
6 8 4 2 
6 8 5 25 
6 8 8 23 
6 8 11 7 
6 8 11 22 
6 8 12 7 
6 8 12 11 
6 8 14 25 
6 8 22 6 
6 8 33 6 
6 8 33 7 
6 8 33 12 
6 10 2 6 
6 10 3 22 
6 10 5 13 
6 10 5 22 
6 10 7 23 
6 10 8 3 
6 10 8 15 
6 10 10 2 
6 10 10 3 
6 10 10 25 
6 10 11 7 
6 10 11 11 
6 10 12 23 
6 10 14 34 
6 10 22 14 
6 10 25 11 
6 10 25 25 
6 10 32 12 
6 10 33 13 
6 10 34 34 
6 11 2 34 
6 11 3 14 
6 11 3 25 
6 11 6 23 
6 11 8 3 
6 11 8 5 
6 11 10 33 
6 11 11 15 
6 11 12 15 
6 11 12 23 
6 11 15 25 
6 11 16 22 
6 11 22 2 
6 11 22 15 
6 11 22 33 
6 11 23 15 
6 11 25 15 
6 11 33 16 
6 12 4 33 
6 12 6 15 
6 12 8 25 
6 12 10 4 
6 12 10 10 
6 12 10 11 
6 12 12 5 
6 12 12 14 
6 12 14 6 
6 12 15 8 
6 12 15 12 
6 12 16 34 
6 12 22 14 
6 12 25 33 
6 12 34 10 
6 13 3 2 
6 13 4 8 
6 13 5 10 
6 13 5 13 
6 13 5 23 
6 13 5 34 
6 13 6 16 
6 13 7 4 
6 13 8 6 
6 13 10 2 
6 13 12 6 
6 13 12 12 
6 13 14 6 
6 13 15 6 
6 13 16 7 
6 13 22 33 
6 13 23 5 
6 13 25 3 
6 13 32 4 
6 13 34 7 
6 13 34 12 
6 14 3 8 
6 14 3 34 
6 14 4 7 
6 14 5 10 
6 14 6 34 
6 14 7 14 
6 14 14 25 
6 14 22 22 
6 14 23 15 
6 14 25 11 
6 14 25 23 
6 14 34 6 
6 15 3 2 
6 15 3 10 
6 15 3 32 
6 15 7 34 
6 15 8 10 
6 15 10 6 
6 15 10 23 
6 15 10 25 
6 15 11 8 
6 15 12 6 
6 15 14 8 
6 15 23 13 
6 15 23 23 
6 15 25 10 
6 15 32 34 
6 15 33 33 
6 16 3 11 
6 16 3 16 
6 16 7 8 
6 16 7 23 
6 16 7 25 
6 16 10 7 
6 16 10 10 
6 16 10 14 
6 16 12 25 
6 16 13 14 
6 16 14 10 
6 16 15 3 
6 16 23 22 
6 16 25 10 
6 16 25 33 
6 16 32 34 
6 22 3 15 
6 22 5 32 
6 22 6 2 
6 22 10 11 
6 22 13 23 
6 22 13 32 
6 22 14 32 
6 22 15 10 
6 22 16 34 
6 22 22 5 
6 22 22 12 
6 22 22 33 
6 22 23 22 
6 22 32 10 
6 22 33 11 
6 23 2 6 
6 23 2 10 
6 23 2 15 
6 23 3 10 
6 23 3 22 
6 23 4 8 
6 23 4 12 
6 23 4 16 
6 23 7 34 
6 23 8 14 
6 23 11 8 
6 23 11 11 
6 23 12 8 
6 23 13 25 
6 23 14 12 
6 23 15 13 
6 23 16 4 
6 23 16 33 
6 23 23 13 
6 23 23 14 
6 23 23 23 
6 23 23 33 
6 23 25 4 
6 23 33 23 
6 23 34 25 
6 23 34 34 
6 25 2 8 
6 25 4 6 
6 25 4 7 
6 25 4 13 
6 25 5 10 
6 25 8 10 
6 25 11 13 
6 25 13 34 
6 25 23 6 
6 25 25 12 
6 25 33 14 
6 25 34 7 
6 32 3 15 
6 32 8 2 
6 32 11 16 
6 32 12 15 
6 32 13 8 
6 32 14 7 
6 32 15 33 
6 32 22 34 
6 32 32 23 
6 33 5 10 
6 33 7 3 
6 33 7 5 
6 33 10 25 
6 33 11 4 
6 33 11 7 
6 33 11 16 
6 33 16 16 
6 33 16 32 
6 33 23 14 
6 33 23 23 
6 33 32 4 
6 33 32 33 
6 34 5 22 
6 34 6 16 
6 34 7 6 
6 34 8 15 
6 34 8 33 
6 34 12 6 
6 34 12 25 
6 34 13 5 
6 34 14 3 
6 34 15 15 
6 34 15 25 
6 34 16 13 
6 34 25 15 
6 34 32 12 
6 34 33 15 
7 2 2 13 
7 2 4 11 
7 2 4 13 
7 2 4 34 
7 2 6 11 
7 2 6 13 
7 2 6 23 
7 2 10 12 
7 2 10 34 
7 2 11 22 
7 2 11 23 
7 2 11 33 
7 2 11 34 
7 2 13 11 
7 2 15 10 
7 2 16 11 
7 2 22 14 
7 2 23 11 
7 3 2 7 
7 3 3 4 
7 3 3 6 
7 3 3 15 
7 3 3 25 
7 3 5 6 
7 3 5 11 
7 3 5 16 
7 3 7 7 
7 3 7 22 
7 3 10 11 
7 3 11 22 
7 3 12 5 
7 3 12 10 
7 3 15 33 
7 3 16 13 
7 3 23 4 
7 3 25 23 
7 3 32 5 
7 3 33 14 
7 3 33 23 
7 3 34 5 
7 3 34 23 
7 4 2 12 
7 4 6 22 
7 4 7 8 
7 4 10 33 
7 4 11 8 
7 4 13 10 
7 4 15 15 
7 4 16 15 
7 4 23 5 
7 4 23 6 
7 4 25 2 
7 4 25 11 
7 4 25 32 
7 4 32 25 
7 4 33 4 
7 5 5 11 
7 5 7 23 
7 5 8 6 
7 5 8 7 
7 5 10 12 
7 5 14 6 
7 5 14 32 
7 5 15 7 
7 5 16 7 
7 5 23 23 
7 5 32 5 
7 5 32 7 
7 5 33 11 
7 5 34 16 
7 6 3 22 
7 6 16 12 
7 6 22 6 
7 6 22 13 
7 6 23 11 
7 6 23 12 
7 6 23 14 
7 6 25 15 
7 6 33 16 
7 7 2 23 
7 7 2 32 
7 7 7 6 
7 7 14 22 
7 7 22 22 
7 7 23 16 
7 7 25 11 
7 7 33 10 
7 7 33 23 
7 7 34 3 
7 7 34 34 
7 8 4 7 
7 8 4 14 
7 8 6 5 
7 8 10 2 
7 8 11 10 
7 8 12 14 
7 8 13 34 
7 8 14 2 
7 8 14 11 
7 8 16 3 
7 8 22 11 
7 8 23 7 
7 8 25 8 
7 8 32 25 
7 8 33 23 
7 8 33 34 
7 8 34 4 
7 8 34 6 
7 10 2 12 
7 10 2 15 
7 10 8 8 
7 10 11 12 
7 10 14 4 
7 10 15 33 
7 10 22 6 
7 10 22 23 
7 10 23 23 
7 10 34 7 
7 10 34 25 
7 11 2 8 
7 11 2 32 
7 11 8 4 
7 11 10 2 
7 11 12 15 
7 11 14 7 
7 11 15 10 
7 11 16 34 
7 11 25 3 
7 11 34 5 
7 11 34 23 
7 12 2 6 
7 12 3 34 
7 12 4 25 
7 12 10 15 
7 12 11 8 
7 12 12 33 
7 12 13 5 
7 12 15 4 
7 12 15 14 
7 12 16 4 
7 12 22 5 
7 12 23 2 
7 12 23 15 
7 12 23 23 
7 12 23 33 
7 12 34 14 
7 13 2 16 
7 13 3 32 
7 13 5 8 
7 13 14 33 
7 13 16 13 
7 13 22 6 
7 13 23 8 
7 13 25 6 
7 13 25 14 
7 13 33 23 
7 13 34 4 
7 13 34 8 
7 13 34 14 
7 14 2 16 
7 14 6 16 
7 14 6 23 
7 14 7 7 
7 14 8 11 
7 14 11 32 
7 14 13 34 
7 14 14 13 
7 14 23 7 
7 14 33 8 
7 15 4 10 
7 15 8 5 
7 15 8 25 
7 15 11 13 
7 15 12 5 
7 15 13 3 
7 15 16 23 
7 15 22 2 
7 15 22 23 
7 15 23 25 
7 15 25 6 
7 15 33 34 
7 16 3 23 
7 16 4 23 
7 16 5 32 
7 16 6 33 
7 16 11 33 
7 16 12 15 
7 16 14 10 
7 16 15 6 
7 16 32 6 
7 16 32 33 
7 16 34 5 
7 16 34 16 
7 16 34 33 
7 22 2 7 
7 22 5 12 
7 22 6 2 
7 22 6 10 
7 22 12 2 
7 22 13 5 
7 22 13 23 
7 22 15 16 
7 22 16 23 
7 22 23 8 
7 22 23 13 
7 22 23 15 
7 22 33 2 
7 23 2 13 
7 23 2 25 
7 23 2 32 
7 23 3 2 
7 23 3 13 
7 23 4 7 
7 23 4 22 
7 23 4 23 
7 23 6 5 
7 23 6 14 
7 23 6 33 
7 23 7 7 
7 23 7 33 
7 23 8 5 
7 23 8 10 
7 23 10 3 
7 23 11 11 
7 23 11 12 
7 23 11 25 
7 23 12 7 
7 23 15 23 
7 23 22 22 
7 23 22 34 
7 23 23 6 
7 23 23 34 
7 23 25 22 
7 23 34 13 
7 25 6 6 
7 25 8 22 
7 25 8 34 
7 25 11 13 
7 25 12 2 
7 25 16 12 
7 25 22 2 
7 25 23 6 
7 25 32 8 
7 25 33 32 
7 32 2 8 
7 32 4 8 
7 32 4 22 
7 32 5 12 
7 32 6 32 
7 32 7 3 
7 32 8 16 
7 32 8 23 
7 32 11 14 
7 32 12 7 
7 32 16 15 
7 32 23 22 
7 32 25 14 
7 32 32 22 
7 33 2 7 
7 33 14 7 
7 33 22 12 
7 33 22 34 
7 33 23 16 
7 33 23 25 
7 33 34 7 
7 34 4 13 
7 34 4 22 
7 34 6 34 
7 34 8 2 
7 34 13 12 
7 34 13 15 
7 34 14 14 
7 34 23 7 
7 34 33 23 
8 2 4 6 
8 2 5 11 
8 2 7 7 
8 2 8 34 
8 2 11 15 
8 2 12 11 
8 2 13 8 
8 2 15 2 
8 2 16 12 
8 2 16 16 
8 2 22 5 
8 2 22 7 
8 2 23 15 
8 2 25 5 
8 2 33 23 
8 3 2 23 
8 3 3 5 
8 3 4 13 
8 3 7 12 
8 3 8 34 
8 3 10 2 
8 3 10 3 
8 3 10 12 
8 3 10 23 
8 3 13 11 
8 3 23 4 
8 3 25 33 
8 3 34 5 
8 4 3 5 
8 4 4 14 
8 4 4 16 
8 4 5 6 
8 4 7 2 
8 4 10 14 
8 4 10 23 
8 4 11 6 
8 4 12 6 
8 4 13 12 
8 4 13 32 
8 4 14 23 
8 4 15 3 
8 4 16 8 
8 4 22 16 
8 4 23 32 
8 4 25 12 
8 4 33 13 
8 5 2 4 
8 5 2 23 
8 5 3 6 
8 5 3 12 
8 5 6 15 
8 5 10 13 
8 5 10 34 
8 5 11 13 
8 5 11 14 
8 5 11 34 
8 5 12 10 
8 5 13 7 
8 5 15 10 
8 5 16 32 
8 5 22 15 
8 5 23 12 
8 5 25 10 
8 5 34 3 
8 6 2 6 
8 6 3 8 
8 6 3 14 
8 6 5 15 
8 6 6 15 
8 6 8 3 
8 6 10 2 
8 6 14 13 
8 6 15 8 
8 6 15 10 
8 6 15 34 
8 6 16 2 
8 6 22 3 
8 6 23 3 
8 7 4 15 
8 7 5 13 
8 7 5 34 
8 7 6 13 
8 7 7 2 
8 7 7 5 
8 7 7 11 
8 7 7 22 
8 7 10 23 
8 7 13 23 
8 7 15 3 
8 7 22 10 
8 7 23 15 
8 8 2 6 
8 8 3 2 
8 8 5 7 
8 8 5 25 
8 8 6 13 
8 8 6 22 
8 8 12 11 
8 8 15 8 
8 8 15 14 
8 8 16 3 
8 8 16 23 
8 8 16 25 
8 8 16 34 
8 8 22 14 
8 8 23 14 
8 8 33 15 
8 10 3 11 
8 10 3 23 
8 10 5 23 
8 10 5 25 
8 10 6 34 
8 10 8 23 
8 10 8 32 
8 10 10 5 
8 10 10 34 
8 10 11 15 
8 10 13 32 
8 10 15 33 
8 10 22 7 
8 10 22 23 
8 10 32 7 
8 11 3 13 
8 11 11 5 
8 11 11 13 
8 11 11 14 
8 11 11 25 
8 11 11 32 
8 11 12 16 
8 11 14 23 
8 11 15 23 
8 11 22 4 
8 11 33 8 
8 11 34 15 
8 12 4 16 
8 12 5 2 
8 12 8 22 
8 12 11 11 
8 12 16 12 
8 12 23 3 
8 12 23 33 
8 12 25 12 
8 12 25 22 
8 12 32 7 
8 12 32 14 
8 12 33 7 
8 12 34 7 
8 13 4 34 
8 13 5 12 
8 13 11 14 
8 13 11 25 
8 13 12 8 
8 13 13 5 
8 13 14 4 
8 13 16 6 
8 13 16 12 
8 13 22 33 
8 13 22 34 
8 13 23 32 
8 13 33 2 
8 13 34 6 
8 13 34 11 
8 14 4 7 
8 14 4 25 
8 14 7 22 
8 14 8 32 
8 14 11 5 
8 14 11 16 
8 14 14 16 
8 14 14 34 
8 14 23 7 
8 14 23 14 
8 14 32 3 
8 14 32 15 
8 15 4 4 
8 15 4 10 
8 15 5 25 
8 15 6 7 
8 15 7 10 
8 15 7 23 
8 15 22 5 
8 15 22 33 
8 15 25 11 
8 15 32 2 
8 15 33 5 
8 15 34 25 
8 16 3 2 
8 16 3 34 
8 16 4 34 
8 16 5 7 
8 16 5 23 
8 16 6 7 
8 16 6 14 
8 16 8 10 
8 16 11 11 
8 16 11 12 
8 16 15 33 
8 16 23 3 
8 16 23 4 
8 16 23 5 
8 16 25 12 
8 16 33 2 
8 16 33 4 
8 22 2 13 
8 22 3 6 
8 22 4 4 
8 22 4 34 
8 22 7 8 
8 22 13 32 
8 22 15 5 
8 22 16 4 
8 22 23 3 
8 22 23 6 
8 22 23 8 
8 22 32 22 
8 23 2 4 
8 23 3 5 
8 23 3 32 
8 23 5 13 
8 23 7 12 
8 23 8 22 
8 23 10 15 
8 23 12 3 
8 23 12 6 
8 23 12 11 
8 23 14 25 
8 23 15 23 
8 23 16 3 
8 23 16 4 
8 23 16 12 
8 23 22 25 
8 23 23 2 
8 23 23 5 
8 23 23 6 
8 23 23 15 
8 23 23 25 
8 23 25 25 
8 23 32 2 
8 25 5 14 
8 25 7 7 
8 25 8 2 
8 25 8 12 
8 25 10 32 
8 25 10 34 
8 25 11 2 
8 25 11 33 
8 25 12 32 
8 25 13 12 
8 25 14 13 
8 25 15 15 
8 25 32 7 
8 25 33 2 
8 32 2 6 
8 32 2 34 
8 32 3 32 
8 32 6 11 
8 32 7 32 
8 32 11 2 
8 32 12 10 
8 32 14 8 
8 32 22 6 
8 32 23 33 
8 32 32 15 
8 32 33 3 
8 32 33 7 
8 32 33 8 
8 32 33 10 
8 32 33 11 
8 32 33 23 
8 32 33 32 
8 33 3 16 
8 33 4 3 
8 33 4 32 
8 33 5 32 
8 33 8 6 
8 33 8 16 
8 33 8 23 
8 33 12 14 
8 33 13 2 
8 33 14 12 
8 33 14 32 
8 33 16 25 
8 33 23 33 
8 33 34 32 
8 34 2 13 
8 34 6 7 
8 34 7 2 
8 34 7 3 
8 34 8 25 
8 34 13 6 
8 34 14 16 
8 34 22 11 
8 34 25 8 
8 34 25 10 
8 34 25 14 
8 34 32 13 
10 2 3 15 
10 2 4 33 
10 2 5 2 
10 2 6 32 
10 2 7 3 
10 2 8 6 
10 2 8 7 
10 2 10 14 
10 2 10 25 
10 2 12 23 
10 2 13 23 
10 2 13 25 
10 2 14 12 
10 2 15 15 
10 2 16 6 
10 2 23 12 
10 2 25 3 
10 2 25 23 
10 2 33 4 
10 3 3 6 
10 3 6 5 
10 3 6 13 
10 3 6 25 
10 3 7 33 
10 3 8 2 
10 3 8 6 
10 3 8 34 
10 3 10 22 
10 3 11 4 
10 3 11 22 
10 3 12 32 
10 3 13 8 
10 3 22 34 
10 3 23 6 
10 3 25 34 
10 3 34 23 
10 4 3 34 
10 4 8 23 
10 4 11 12 
10 4 15 12 
10 4 15 23 
10 4 23 7 
10 4 23 32 
10 5 2 23 
10 5 7 8 
10 5 10 13 
10 5 10 23 
10 5 13 10 
10 5 15 3 
10 5 16 13 
10 5 22 25 
10 5 23 15 
10 5 23 22 
10 5 34 10 
10 6 2 5 
10 6 8 34 
10 6 10 7 
10 6 14 2 
10 6 16 2 
10 6 33 3 
10 6 34 7 
10 6 34 16 
10 6 34 22 
10 7 2 12 
10 7 2 32 
10 7 5 25 
10 7 8 5 
10 7 8 13 
10 7 10 34 
10 7 11 7 
10 7 13 12 
10 7 14 11 
10 7 23 5 
10 7 25 6 
10 7 34 10 
10 8 2 6 
10 8 5 12 
10 8 5 23 
10 8 5 33 
10 8 6 3 
10 8 8 6 
10 8 13 8 
10 8 13 33 
10 8 14 16 
10 8 23 23 
10 8 25 33 
10 8 32 6 
10 8 32 34 
10 10 2 7 
10 10 3 5 
10 10 7 15 
10 10 8 32 
10 10 11 33 
10 10 15 34 
10 10 16 6 
10 10 23 14 
10 10 23 23 
10 10 25 7 
10 11 2 12 
10 11 2 14 
10 11 3 6 
10 11 3 7 
10 11 4 3 
10 11 4 32 
10 11 6 32 
10 11 8 13 
10 11 8 16 
10 11 8 34 
10 11 10 7 
10 11 13 12 
10 11 22 16 
10 11 22 23 
10 11 23 6 
10 11 23 8 
10 11 32 25 
10 11 32 34 
10 11 34 11 
10 12 5 32 
10 12 8 7 
10 12 8 12 
10 12 10 25 
10 12 13 8 
10 12 16 25 
10 12 25 15 
10 12 32 5 
10 12 33 23 
10 13 2 12 
10 13 2 23 
10 13 5 3 
10 13 6 3 
10 13 7 5 
10 13 8 13 
10 13 10 13 
10 13 11 13 
10 13 13 2 
10 13 15 33 
10 13 16 13 
10 13 33 7 
10 13 33 14 
10 14 3 25 
10 14 4 34 
10 14 6 32 
10 14 8 11 
10 14 10 5 
10 14 11 7 
10 14 12 7 
10 14 12 16 
10 14 14 3 
10 14 16 13 
10 14 22 4 
10 14 23 7 
10 14 23 14 
10 14 23 16 
10 14 23 22 
10 14 23 23 
10 14 32 16 
10 14 33 3 
10 14 33 12 
10 14 34 23 
10 14 34 34 
10 15 5 23 
10 15 6 6 
10 15 7 25 
10 15 12 5 
10 15 23 4 
10 15 23 11 
10 15 23 12 
10 15 23 16 
10 15 34 25 
10 16 2 2 
10 16 2 8 
10 16 2 33 
10 16 3 16 
10 16 7 2 
10 16 7 33 
10 16 11 8 
10 16 12 13 
10 16 16 7 
10 16 23 4 
10 16 33 12 
10 16 33 23 
10 16 34 34 
10 22 3 34 
10 22 5 33 
10 22 6 13 
10 22 7 4 
10 22 8 33 
10 22 10 4 
10 22 14 7 
10 22 15 4 
10 22 23 14 
10 22 23 23 
10 22 25 4 
10 22 32 25 
10 22 33 22 
10 23 2 3 
10 23 3 34 
10 23 4 4 
10 23 6 11 
10 23 6 33 
10 23 8 7 
10 23 8 11 
10 23 8 23 
10 23 10 16 
10 23 10 23 
10 23 11 10 
10 23 12 25 
10 23 13 16 
10 23 13 23 
10 23 15 11 
10 23 16 7 
10 23 16 22 
10 23 16 33 
10 23 22 14 
10 23 22 33 
10 23 23 3 
10 23 23 4 
10 23 23 16 
10 23 25 2 
10 23 25 34 
10 23 32 3 
10 23 32 10 
10 23 32 33 
10 23 33 5 
10 25 5 22 
10 25 13 7 
10 25 14 13 
10 25 23 16 
10 25 23 22 
10 25 25 25 
10 25 32 11 
10 25 33 34 
10 25 34 6 
10 25 34 8 
10 25 34 33 
10 32 6 23 
10 32 8 6 
10 32 8 23 
10 32 11 7 
10 32 11 23 
10 32 12 10 
10 32 13 12 
10 32 15 10 
10 32 23 8 
10 32 23 16 
10 32 32 8 
10 32 34 15 
10 33 3 23 
10 33 4 8 
10 33 6 33 
10 33 7 5 
10 33 8 25 
10 33 8 33 
10 33 12 11 
10 33 15 25 
10 33 15 32 
10 33 23 6 
10 33 25 11 
10 33 25 22 
10 33 32 23 
10 33 33 2 
10 34 2 4 
10 34 2 13 
10 34 2 23 
10 34 3 6 
10 34 4 32 
10 34 4 33 
10 34 5 5 
10 34 7 7 
10 34 7 33 
10 34 10 16 
10 34 13 23 
10 34 22 13 
10 34 23 33 
10 34 25 4 
10 34 33 23 
10 34 34 7 
11 2 3 7 
11 2 5 13 
11 2 6 22 
11 2 6 23 
11 2 7 14 
11 2 11 8 
11 2 12 5 
11 2 12 16 
11 2 14 15 
11 2 16 32 
11 2 22 3 
11 2 23 4 
11 2 23 6 
11 2 23 12 
11 2 34 4 
11 2 34 10 
11 2 34 13 
11 3 2 5 
11 3 2 13 
11 3 3 13 
11 3 11 8 
11 3 11 15 
11 3 12 7 
11 3 13 2 
11 3 14 25 
11 3 15 7 
11 3 16 15 
11 3 16 23 
11 3 23 10 
11 3 23 25 
11 3 34 5 
11 4 5 7 
11 4 7 8 
11 4 7 33 
11 4 8 34 
11 4 10 6 
11 4 10 23 
11 4 14 4 
11 4 16 11 
11 4 16 25 
11 4 22 34 
11 4 23 6 
11 4 25 4 
11 4 25 25 
11 5 2 32 
11 5 3 7 
11 5 4 32 
11 5 6 23 
11 5 7 10 
11 5 7 16 
11 5 8 32 
11 5 10 32 
11 5 14 13 
11 5 22 23 
11 5 23 2 
11 5 23 3 
11 5 23 23 
11 5 25 13 
11 5 32 33 
11 6 4 5 
11 6 4 12 
11 6 7 23 
11 6 8 14 
11 6 13 13 
11 6 14 3 
11 6 15 10 
11 6 16 25 
11 6 16 34 
11 6 22 5 
11 6 32 10 
11 6 32 11 
11 6 32 23 
11 7 2 23 
11 7 5 4 
11 7 8 12 
11 7 12 4 
11 7 15 13 
11 7 23 3 
11 7 23 13 
11 7 23 16 
11 8 2 23 
11 8 3 13 
11 8 4 22 
11 8 4 23 
11 8 5 11 
11 8 5 33 
11 8 6 14 
11 8 7 13 
11 8 8 23 
11 8 10 10 
11 8 11 33 
11 8 12 4 
11 8 15 23 
11 8 15 25 
11 8 22 7 
11 8 22 8 
11 8 23 25 
11 10 2 23 
11 10 2 32 
11 10 3 34 
11 10 4 10 
11 10 7 23 
11 10 8 11 
11 10 10 32 
11 10 14 5 
11 10 14 12 
11 10 16 32 
11 10 23 12 
11 10 23 14 
11 10 23 32 
11 10 23 34 
11 10 25 34 
11 10 33 11 
11 11 2 12 
11 11 6 3 
11 11 6 11 
11 11 14 16 
11 11 16 8 
11 11 25 3 
11 11 34 12 
11 12 2 3 
11 12 4 2 
11 12 6 11 
11 12 6 33 
11 12 11 11 
11 12 12 5 
11 12 16 8 
11 12 22 32 
11 12 23 13 
11 12 25 5 
11 12 25 22 
11 12 25 23 
11 12 25 33 
11 13 2 4 
11 13 6 25 
11 13 10 4 
11 13 11 16 
11 13 13 33 
11 13 16 4 
11 13 16 8 
11 13 22 32 
11 13 23 3 
11 13 25 8 
11 13 32 2 
11 13 33 25 
11 14 2 25 
11 14 6 2 
11 14 11 33 
11 14 12 22 
11 14 13 10 
11 14 16 3 
11 14 23 7 
11 14 23 14 
11 14 23 22 
11 14 25 15 
11 14 32 34 
11 15 2 3 
11 15 5 23 
11 15 7 8 
11 15 8 14 
11 15 11 11 
11 15 11 13 
11 15 11 23 
11 15 12 15 
11 15 14 7 
11 15 15 10 
11 15 15 25 
11 15 16 32 
11 15 22 10 
11 15 23 16 
11 15 25 22 
11 15 34 6 
11 16 2 2 
11 16 2 23 
11 16 2 32 
11 16 3 11 
11 16 5 3 
11 16 5 13 
11 16 5 25 
11 16 6 11 
11 16 8 11 
11 16 13 5 
11 16 13 7 
11 16 14 11 
11 16 23 32 
11 16 32 23 
11 16 34 10 
11 22 2 23 
11 22 4 25 
11 22 5 15 
11 22 6 4 
11 22 10 34 
11 22 11 13 
11 22 12 23 
11 22 15 16 
11 22 32 14 
11 22 33 2 
11 23 2 14 
11 23 2 16 
11 23 3 23 
11 23 4 3 
11 23 5 34 
11 23 6 25 
11 23 7 25 
11 23 7 33 
11 23 8 7 
11 23 10 4 
11 23 10 6 
11 23 10 25 
11 23 11 4 
11 23 12 7 
11 23 12 16 
11 23 12 23 
11 23 13 25 
11 23 15 2 
11 23 15 13 
11 23 15 14 
11 23 16 10 
11 23 16 16 
11 23 22 22 
11 23 22 34 
11 23 23 4 
11 23 23 12 
11 23 32 11 
11 23 32 16 
11 23 33 12 
11 23 33 22 
11 23 34 3 
11 23 34 15 
11 23 34 16 
11 23 34 25 
11 23 34 32 
11 25 12 2 
11 25 13 15 
11 25 16 2 
11 25 23 22 
11 25 23 23 
11 25 25 5 
11 25 25 16 
11 25 33 13 
11 25 33 16 
11 25 34 15 
11 25 34 22 
11 25 34 32 
11 32 2 5 
11 32 3 14 
11 32 3 15 
11 32 4 15 
11 32 5 34 
11 32 6 5 
11 32 6 7 
11 32 7 2 
11 32 8 8 
11 32 12 5 
11 32 12 33 
11 32 14 23 
11 32 15 7 
11 32 15 10 
11 32 22 2 
11 32 22 14 
11 32 25 6 
11 32 25 12 
11 33 3 2 
11 33 4 14 
11 33 6 23 
11 33 6 34 
11 33 7 2 
11 33 7 34 
11 33 10 12 
11 33 10 15 
11 33 12 14 
11 33 14 11 
11 33 14 23 
11 33 15 10 
11 33 22 34 
11 33 23 33 
11 33 32 22 
11 33 33 12 
11 33 33 14 
11 33 33 23 
11 33 34 13 
11 33 34 15 
11 34 3 16 
11 34 4 13 
11 34 4 23 
11 34 4 25 
11 34 5 16 
11 34 7 8 
11 34 10 23 
11 34 11 6 
11 34 11 14 
11 34 12 5 
11 34 12 32 
11 34 23 4 
11 34 23 10 
11 34 32 3 
11 34 34 5 
11 34 34 13 
11 34 34 16 
12 2 3 33 
12 2 6 34 
12 2 10 14 
12 2 12 12 
12 2 12 23 
12 2 12 25 
12 2 13 4 
12 2 13 10 
12 2 13 15 
12 2 13 23 
12 2 13 33 
12 2 14 15 
12 2 22 23 
12 2 23 5 
12 2 25 5 
12 2 33 15 
12 3 2 4 
12 3 2 16 
12 3 3 33 
12 3 4 7 
12 3 4 10 
12 3 5 8 
12 3 8 34 
12 3 11 23 
12 3 13 3 
12 3 14 4 
12 3 22 4 
12 3 23 5 
12 3 23 6 
12 3 23 15 
12 3 34 2 
12 4 5 3 
12 4 6 5 
12 4 6 10 
12 4 11 12 
12 4 13 8 
12 4 13 16 
12 4 15 34 
12 4 23 15 
12 4 23 32 
12 4 32 25 
12 4 33 16 
12 5 2 32 
12 5 2 33 
12 5 3 7 
12 5 3 10 
12 5 5 7 
12 5 5 15 
12 5 11 3 
12 5 12 32 
12 5 13 8 
12 5 14 8 
12 5 15 23 
12 5 23 2 
12 6 2 33 
12 6 5 5 
12 6 6 13 
12 6 8 4 
12 6 12 12 
12 6 12 16 
12 6 15 10 
12 6 16 6 
12 6 16 13 
12 6 32 13 
12 6 32 25 
12 7 3 5 
12 7 3 13 
12 7 3 22 
12 7 3 23 
12 7 4 22 
12 7 6 12 
12 7 7 5 
12 7 8 2 
12 7 10 16 
12 7 12 5 
12 7 16 13 
12 7 16 33 
12 7 22 11 
12 7 32 12 
12 7 32 13 
12 8 3 16 
12 8 3 22 
12 8 4 3 
12 8 4 16 
12 8 7 23 
12 8 10 32 
12 8 12 6 
12 8 14 4 
12 8 14 6 
12 8 14 23 
12 8 15 2 
12 8 16 16 
12 8 16 25 
12 8 23 2 
12 8 23 14 
12 8 23 23 
12 8 23 32 
12 8 25 10 
12 8 32 13 
12 8 33 15 
12 10 2 33 
12 10 3 23 
12 10 6 15 
12 10 13 4 
12 10 22 5 
12 10 22 12 
12 10 23 32 
12 10 25 15 
12 10 34 5 
12 11 3 3 
12 11 4 14 
12 11 4 15 
12 11 6 33 
12 11 10 33 
12 11 13 13 
12 11 13 25 
12 11 15 2 
12 11 15 22 
12 11 16 10 
12 11 22 23 
12 11 23 2 
12 11 25 32 
12 12 2 3 
12 12 2 5 
12 12 2 8 
12 12 3 3 
12 12 4 15 
12 12 5 15 
12 12 6 13 
12 12 6 25 
12 12 7 5 
12 12 7 11 
12 12 8 2 
12 12 10 11 
12 12 12 12 
12 12 12 14 
12 12 12 16 
12 12 14 12 
12 12 15 34 
12 12 22 3 
12 12 23 4 
12 12 23 23 
12 12 25 32 
12 12 32 7 
12 12 33 7 
12 12 33 11 
12 12 34 6 
12 12 34 32 
12 13 2 10 
12 13 2 22 
12 13 3 34 
12 13 4 23 
12 13 5 2 
12 13 5 15 
12 13 10 12 
12 13 10 23 
12 13 15 15 
12 13 23 7 
12 13 23 11 
12 13 23 13 
12 13 23 23 
12 13 33 4 
12 13 34 16 
12 14 3 2 
12 14 4 11 
12 14 5 5 
12 14 6 3 
12 14 6 16 
12 14 7 4 
12 14 7 15 
12 14 7 32 
12 14 8 7 
12 14 10 10 
12 14 11 15 
12 14 12 5 
12 14 12 6 
12 14 13 10 
12 14 13 13 
12 14 14 22 
12 14 15 12 
12 14 33 4 
12 15 2 6 
12 15 4 34 
12 15 5 11 
12 15 6 10 
12 15 6 23 
12 15 6 33 
12 15 10 23 
12 15 10 34 
12 15 12 14 
12 15 13 7 
12 15 14 6 
12 15 23 34 
12 15 25 16 
12 15 34 2 
12 16 5 4 
12 16 6 6 
12 16 8 33 
12 16 10 2 
12 16 11 33 
12 16 16 3 
12 16 23 25 
12 16 25 8 
12 16 32 16 
12 22 2 23 
12 22 3 32 
12 22 3 34 
12 22 6 7 
12 22 6 10 
12 22 7 5 
12 22 7 14 
12 22 8 5 
12 22 8 23 
12 22 10 2 
12 22 12 15 
12 22 16 32 
12 22 22 11 
12 22 22 23 
12 22 33 3 
12 22 34 25 
12 23 2 6 
12 23 2 10 
12 23 2 15 
12 23 5 3 
12 23 5 4 
12 23 5 13 
12 23 6 16 
12 23 7 23 
12 23 8 4 
12 23 8 5 
12 23 10 12 
12 23 10 15 
12 23 11 2 
12 23 11 8 
12 23 11 23 
12 23 13 14 
12 23 14 15 
12 23 14 23 
12 23 23 6 
12 23 25 23 
12 23 32 11 
12 23 32 16 
12 23 32 23 
12 23 33 4 
12 23 33 5 
12 23 33 32 
12 23 34 4 
12 23 34 10 
12 25 3 3 
12 25 3 6 
12 25 4 22 
12 25 6 4 
12 25 6 25 
12 25 6 33 
12 25 7 22 
12 25 11 3 
12 25 12 13 
12 25 13 5 
12 25 14 12 
12 25 15 16 
12 25 16 11 
12 25 23 5 
12 25 23 11 
12 25 23 33 
12 25 32 2 
12 25 32 5 
12 25 33 25 
12 25 34 22 
12 32 4 15 
12 32 5 11 
12 32 6 7 
12 32 7 23 
12 32 8 6 
12 32 10 6 
12 32 10 8 
12 32 10 11 
12 32 10 33 
12 32 15 2 
12 32 16 4 
12 32 22 10 
12 32 22 15 
12 32 25 16 
12 32 32 14 
12 32 34 10 
12 33 2 15 
12 33 4 23 
12 33 11 11 
12 33 13 8 
12 33 14 7 
12 33 14 15 
12 33 16 25 
12 33 23 7 
12 33 25 15 
12 33 25 16 
12 33 32 32 
12 33 33 3 
12 33 33 5 
12 33 34 3 
12 33 34 14 
12 34 2 4 
12 34 2 23 
12 34 3 32 
12 34 4 22 
12 34 4 25 
12 34 5 14 
12 34 7 3 
12 34 7 16 
12 34 7 22 
12 34 10 2 
12 34 13 10 
12 34 13 13 
12 34 14 6 
12 34 15 7 
12 34 22 7 
12 34 22 33 
12 34 23 5 
12 34 23 13 
12 34 23 23 
12 34 23 25 
12 34 34 22 
12 34 34 23 
13 2 2 25 
13 2 3 13 
13 2 3 16 
13 2 8 5 
13 2 11 5 
13 2 11 6 
13 2 14 15 
13 2 15 12 
13 2 16 14 
13 2 23 7 
13 2 25 11 
13 3 8 15 
13 3 12 2 
13 3 12 33 
13 3 13 2 
13 3 14 5 
13 3 14 34 
13 3 22 23 
13 3 22 33 
13 3 33 22 
13 3 34 11 
13 3 34 33 
13 4 2 15 
13 4 2 32 
13 4 3 8 
13 4 5 8 
13 4 5 12 
13 4 5 32 
13 4 7 3 
13 4 7 10 
13 4 10 7 
13 4 13 2 
13 4 13 10 
13 4 15 7 
13 4 15 23 
13 4 15 32 
13 4 23 11 
13 4 23 22 
13 4 23 23 
13 4 25 33 
13 4 32 33 
13 4 33 10 
13 4 34 10 
13 5 3 12 
13 5 3 23 
13 5 4 16 
13 5 5 23 
13 5 6 4 
13 5 8 5 
13 5 10 15 
13 5 13 5 
13 5 22 25 
13 5 23 5 
13 5 32 15 
13 5 33 16 
13 5 33 23 
13 5 33 33 
13 5 34 7 
13 6 3 12 
13 6 4 10 
13 6 5 32 
13 6 8 14 
13 6 8 16 
13 6 11 7 
13 6 11 14 
13 6 11 33 
13 6 13 11 
13 6 13 16 
13 6 15 3 
13 6 15 7 
13 6 15 12 
13 6 16 15 
13 7 2 12 
13 7 5 10 
13 7 5 32 
13 7 5 34 
13 7 6 5 
13 7 7 6 
13 7 7 25 
13 7 8 34 
13 7 10 25 
13 7 11 23 
13 7 15 2 
13 7 15 3 
13 7 15 10 
13 7 16 5 
13 7 23 6 
13 7 25 14 
13 7 25 22 
13 7 32 11 
13 7 33 25 
13 8 10 8 
13 8 10 25 
13 8 11 5 
13 8 14 11 
13 8 14 12 
13 8 15 34 
13 8 33 22 
13 8 33 23 
13 10 2 14 
13 10 8 11 
13 10 14 11 
13 10 15 3 
13 10 25 4 
13 10 25 32 
13 10 33 33 
13 10 34 3 
13 11 2 8 
13 11 2 34 
13 11 3 23 
13 11 8 13 
13 11 11 22 
13 11 12 12 
13 11 13 5 
13 11 13 23 
13 11 15 5 
13 11 15 13 
13 11 16 4 
13 11 32 22 
13 11 34 6 
13 12 2 3 
13 12 7 25 
13 12 8 23 
13 12 10 7 
13 12 12 6 
13 12 15 34 
13 12 22 15 
13 12 23 5 
13 12 25 3 
13 13 4 10 
13 13 5 11 
13 13 7 32 
13 13 8 12 
13 13 10 6 
13 13 10 12 
13 13 11 23 
13 13 12 13 
13 13 13 11 
13 13 14 12 
13 13 14 14 
13 13 15 34 
13 13 16 7 
13 13 16 8 
13 13 23 4 
13 13 23 16 
13 13 23 34 
13 13 25 10 
13 13 32 11 
13 13 33 5 
13 13 34 23 
13 14 6 25 
13 14 8 7 
13 14 8 25 
13 14 12 2 
13 14 12 12 
13 14 13 3 
13 14 13 16 
13 14 15 33 
13 14 22 34 
13 14 23 13 
13 14 25 16 
13 14 32 33 
13 14 33 10 
13 15 2 15 
13 15 5 11 
13 15 6 32 
13 15 13 16 
13 15 13 22 
13 15 15 15 
13 15 23 11 
13 15 23 14 
13 15 32 12 
13 16 2 14 
13 16 3 8 
13 16 4 33 
13 16 5 7 
13 16 10 4 
13 16 10 25 
13 16 12 16 
13 16 13 16 
13 16 13 22 
13 16 23 16 
13 16 32 2 
13 16 32 15 
13 22 2 8 
13 22 2 10 
13 22 3 10 
13 22 6 16 
13 22 6 33 
13 22 8 12 
13 22 10 32 
13 22 11 8 
13 22 11 15 
13 22 11 16 
13 22 11 22 
13 22 12 15 
13 22 12 23 
13 22 23 11 
13 22 33 8 
13 22 33 34 
13 23 3 3 
13 23 3 14 
13 23 3 15 
13 23 5 14 
13 23 6 14 
13 23 7 11 
13 23 7 32 
13 23 8 25 
13 23 10 4 
13 23 11 6 
13 23 11 11 
13 23 11 23 
13 23 12 8 
13 23 12 15 
13 23 13 10 
13 23 13 12 
13 23 13 22 
13 23 14 2 
13 23 14 16 
13 23 15 3 
13 23 15 13 
13 23 16 8 
13 23 16 14 
13 23 22 2 
13 23 22 22 
13 23 23 10 
13 23 23 16 
13 23 25 6 
13 23 25 32 
13 23 33 3 
13 23 34 34 
13 25 2 2 
13 25 4 6 
13 25 5 7 
13 25 5 25 
13 25 5 32 
13 25 6 13 
13 25 7 8 
13 25 7 32 
13 25 7 34 
13 25 10 3 
13 25 10 23 
13 25 11 34 
13 25 12 5 
13 25 12 15 
13 25 15 16 
13 25 22 11 
13 25 22 16 
13 25 22 23 
13 25 22 32 
13 25 23 11 
13 25 23 33 
13 25 25 23 
13 25 32 3 
13 32 4 32 
13 32 5 13 
13 32 7 2 
13 32 7 6 
13 32 7 23 
13 32 7 25 
13 32 8 15 
13 32 8 23 
13 32 11 3 
13 32 12 11 
13 32 12 15 
13 32 13 3 
13 32 13 16 
13 32 14 6 
13 32 32 8 
13 32 32 11 
13 32 33 8 
13 33 2 7 
13 33 4 32 
13 33 7 2 
13 33 7 23 
13 33 10 32 
13 33 12 22 
13 33 12 23 
13 33 12 25 
13 33 13 32 
13 33 14 3 
13 33 14 5 
13 33 14 6 
13 33 14 16 
13 33 15 15 
13 33 22 16 
13 33 23 11 
13 33 23 13 
13 33 25 15 
13 33 32 6 
13 33 32 14 
13 33 34 3 
13 33 34 13 
13 34 6 2 
13 34 7 2 
13 34 7 13 
13 34 10 34 
13 34 11 23 
13 34 12 23 
13 34 12 32 
13 34 16 23 
13 34 23 32 
13 34 32 2 
13 34 33 16 
14 2 2 14 
14 2 3 34 
14 2 6 16 
14 2 7 4 
14 2 10 7 
14 2 11 33 
14 2 16 14 
14 2 16 25 
14 2 23 4 
14 2 32 23 
14 2 34 8 
14 2 34 32 
14 3 4 12 
14 3 5 7 
14 3 10 22 
14 3 11 6 
14 3 11 15 
14 3 13 11 
14 3 13 23 
14 3 16 10 
14 3 22 2 
14 3 22 23 
14 3 23 6 
14 3 23 14 
14 3 25 16 
14 3 32 23 
14 3 34 33 
14 4 4 2 
14 4 5 6 
14 4 5 8 
14 4 5 13 
14 4 6 11 
14 4 6 23 
14 4 8 22 
14 4 11 3 
14 4 15 13 
14 4 15 15 
14 4 23 4 
14 4 23 16 
14 4 23 33 
14 4 25 2 
14 4 32 23 
14 4 33 3 
14 5 2 4 
14 5 4 2 
14 5 4 14 
14 5 6 14 
14 5 14 8 
14 5 15 3 
14 5 15 8 
14 5 15 25 
14 5 23 15 
14 5 23 25 
14 5 33 12 
14 6 2 6 
14 6 6 25 
14 6 6 32 
14 6 7 25 
14 6 11 32 
14 6 13 3 
14 6 13 7 
14 6 22 3 
14 6 22 33 
14 6 32 14 
14 6 33 16 
14 7 2 6 
14 7 3 11 
14 7 3 14 
14 7 3 23 
14 7 4 4 
14 7 4 25 
14 7 5 12 
14 7 5 33 
14 7 10 4 
14 7 10 11 
14 7 10 15 
14 7 10 33 
14 7 12 11 
14 7 12 15 
14 7 12 32 
14 7 13 6 
14 7 15 11 
14 7 22 32 
14 7 23 5 
14 7 23 25 
14 7 25 32 
14 8 2 11 
14 8 3 10 
14 8 5 13 
14 8 6 25 
14 8 6 34 
14 8 7 34 
14 8 10 32 
14 8 14 8 
14 8 14 11 
14 8 15 23 
14 8 16 5 
14 8 16 34 
14 8 32 13 
14 8 34 3 
14 8 34 10 
14 8 34 32 
14 10 3 25 
14 10 11 3 
14 10 23 3 
14 10 23 4 
14 10 23 25 
14 10 32 22 
14 11 4 7 
14 11 5 16 
14 11 11 7 
14 11 11 23 
14 11 14 23 
14 11 23 8 
14 11 23 23 
14 11 25 13 
14 11 32 8 
14 11 33 4 
14 11 33 8 
14 11 34 3 
14 12 2 22 
14 12 10 2 
14 12 10 12 
14 12 11 12 
14 12 12 22 
14 12 14 32 
14 12 15 7 
14 12 16 22 
14 12 22 33 
14 12 23 15 
14 12 23 16 
14 12 33 11 
14 13 3 16 
14 13 5 12 
14 13 6 8 
14 13 10 8 
14 13 11 13 
14 13 13 3 
14 13 14 11 
14 13 22 7 
14 13 32 8 
14 13 34 12 
14 14 2 4 
14 14 2 5 
14 14 3 32 
14 14 4 16 
14 14 5 12 
14 14 5 33 
14 14 6 25 
14 14 8 14 
14 14 10 16 
14 14 11 14 
14 14 12 7 
14 14 13 12 
14 14 14 22 
14 14 15 8 
14 14 16 4 
14 14 23 5 
14 14 23 7 
14 14 23 8 
14 14 23 23 
14 14 32 16 
14 14 33 23 
14 14 33 25 
14 15 3 23 
14 15 4 6 
14 15 4 10 
14 15 4 23 
14 15 10 25 
14 15 11 14 
14 15 12 8 
14 15 12 14 
14 15 14 23 
14 15 23 10 
14 15 23 23 
14 15 32 14 
14 15 34 12 
14 16 3 25 
14 16 5 3 
14 16 6 16 
14 16 11 2 
14 16 11 23 
14 16 13 16 
14 16 22 8 
14 16 25 3 
14 16 33 8 
14 16 33 11 
14 16 33 23 
14 16 34 23 
14 22 4 32 
14 22 11 32 
14 22 15 32 
14 22 32 2 
14 22 33 7 
14 23 2 2 
14 23 3 2 
14 23 3 34 
14 23 4 34 
14 23 5 3 
14 23 6 2 
14 23 8 8 
14 23 10 14 
14 23 10 16 
14 23 11 6 
14 23 11 16 
14 23 12 5 
14 23 13 10 
14 23 13 33 
14 23 15 8 
14 23 15 23 
14 23 16 23 
14 23 22 2 
14 23 23 7 
14 23 23 32 
14 23 25 2 
14 23 25 33 
14 23 33 6 
14 23 34 14 
14 25 3 11 
14 25 4 25 
14 25 5 15 
14 25 8 12 
14 25 10 11 
14 25 10 34 
14 25 13 32 
14 25 15 7 
14 25 15 8 
14 25 16 2 
14 25 16 7 
14 25 16 22 
14 25 32 11 
14 25 33 2 
14 25 33 25 
14 25 34 4 
14 32 7 7 
14 32 10 23 
14 32 10 33 
14 32 14 10 
14 32 16 22 
14 32 16 33 
14 32 23 2 
14 32 33 5 
14 32 34 4 
14 32 34 23 
14 33 2 15 
14 33 3 23 
14 33 3 34 
14 33 4 4 
14 33 5 8 
14 33 12 12 
14 33 15 8 
14 33 15 34 
14 33 23 16 
14 33 23 32 
14 33 32 25 
14 33 34 25 
14 34 2 34 
14 34 3 16 
14 34 5 2 
14 34 5 33 
14 34 7 25 
14 34 11 14 
14 34 11 15 
14 34 13 4 
14 34 14 11 
14 34 16 12 
14 34 22 25 
15 2 6 8 
15 2 6 33 
15 2 8 5 
15 2 10 7 
15 2 10 25 
15 2 10 32 
15 2 11 2 
15 2 12 2 
15 2 13 23 
15 2 14 6 
15 2 15 33 
15 2 16 25 
15 2 23 5 
15 2 23 6 
15 2 23 8 
15 2 32 11 
15 3 2 10 
15 3 3 32 
15 3 4 6 
15 3 4 32 
15 3 5 13 
15 3 6 11 
15 3 7 7 
15 3 8 7 
15 3 8 12 
15 3 12 23 
15 3 13 3 
15 3 13 34 
15 3 14 7 
15 3 15 11 
15 3 23 13 
15 3 23 15 
15 3 34 23 
15 4 3 6 
15 4 5 7 
15 4 6 13 
15 4 11 3 
15 4 12 14 
15 4 13 3 
15 4 13 32 
15 4 16 23 
15 4 23 6 
15 4 25 15 
15 4 25 33 
15 4 34 3 
15 5 2 14 
15 5 2 15 
15 5 3 14 
15 5 7 4 
15 5 8 8 
15 5 10 4 
15 5 10 14 
15 5 12 25 
15 5 15 12 
15 5 22 2 
15 5 33 16 
15 5 33 23 
15 5 34 15 
15 6 3 22 
15 6 5 8 
15 6 6 34 
15 6 10 22 
15 6 13 13 
15 6 15 11 
15 6 34 11 
15 7 2 22 
15 7 4 12 
15 7 5 15 
15 7 6 8 
15 7 6 33 
15 7 16 33 
15 7 22 16 
15 7 25 2 
15 7 25 16 
15 7 33 12 
15 7 33 34 
15 8 2 32 
15 8 6 12 
15 8 8 23 
15 8 10 8 
15 8 10 22 
15 8 10 33 
15 8 11 4 
15 8 11 5 
15 8 11 10 
15 8 12 3 
15 8 13 23 
15 8 14 7 
15 8 15 32 
15 8 16 12 
15 8 22 7 
15 8 25 23 
15 8 32 12 
15 8 34 7 
15 10 3 3 
15 10 4 14 
15 10 7 4 
15 10 10 6 
15 10 11 25 
15 10 12 10 
15 10 13 14 
15 10 14 12 
15 10 23 16 
15 10 32 34 
15 10 33 2 
15 10 34 14 
15 11 2 13 
15 11 2 23 
15 11 5 5 
15 11 6 14 
15 11 10 33 
15 11 12 6 
15 11 12 33 
15 11 15 16 
15 11 16 14 
15 11 22 16 
15 11 23 25 
15 11 33 5 
15 11 33 10 
15 11 33 13 
15 11 34 23 
15 12 7 33 
15 12 7 34 
15 12 8 22 
15 12 13 15 
15 12 14 3 
15 12 14 4 
15 12 16 4 
15 12 16 22 
15 12 16 25 
15 12 22 23 
15 12 23 5 
15 12 25 4 
15 12 32 3 
15 12 34 33 
15 13 3 12 
15 13 4 23 
15 13 5 32 
15 13 11 23 
15 13 12 7 
15 13 15 16 
15 13 16 15 
15 13 23 11 
15 13 25 12 
15 13 32 22 
15 14 3 7 
15 14 4 4 
15 14 5 10 
15 14 6 13 
15 14 6 16 
15 14 10 3 
15 14 10 12 
15 14 11 13 
15 14 12 5 
15 14 12 23 
15 14 13 7 
15 14 14 12 
15 14 14 13 
15 14 15 13 
15 14 23 8 
15 14 23 10 
15 14 23 23 
15 14 23 34 
15 14 25 23 
15 14 32 11 
15 14 33 23 
15 15 2 2 
15 15 3 6 
15 15 3 10 
15 15 3 14 
15 15 7 23 
15 15 8 23 
15 15 13 33 
15 15 15 14 
15 15 15 23 
15 15 16 32 
15 15 32 6 
15 15 32 7 
15 15 32 12 
15 15 32 32 
15 16 2 3 
15 16 6 34 
15 16 8 33 
15 16 10 13 
15 16 11 13 
15 16 13 11 
15 16 14 32 
15 16 23 2 
15 16 23 7 
15 16 25 6 
15 16 32 7 
15 16 34 22 
15 22 2 10 
15 22 2 11 
15 22 3 25 
15 22 4 10 
15 22 6 13 
15 22 11 6 
15 22 12 7 
15 22 13 12 
15 22 14 32 
15 22 15 11 
15 22 23 25 
15 22 25 4 
15 22 33 3 
15 23 3 22 
15 23 4 10 
15 23 4 34 
15 23 5 34 
15 23 6 22 
15 23 6 23 
15 23 6 33 
15 23 7 3 
15 23 7 4 
15 23 7 5 
15 23 7 11 
15 23 8 15 
15 23 8 22 
15 23 12 2 
15 23 12 15 
15 23 12 34 
15 23 13 2 
15 23 14 22 
15 23 16 6 
15 23 16 33 
15 23 22 4 
15 23 23 5 
15 23 23 13 
15 23 23 33 
15 23 25 7 
15 23 25 14 
15 23 25 22 
15 23 33 12 
15 23 33 32 
15 25 5 25 
15 25 6 22 
15 25 7 2 
15 25 7 16 
15 25 8 12 
15 25 11 23 
15 25 11 34 
15 25 12 10 
15 25 12 15 
15 25 16 15 
15 25 16 23 
15 25 22 22 
15 25 23 4 
15 25 23 15 
15 25 25 5 
15 25 32 10 
15 25 33 4 
15 25 34 2 
15 32 3 7 
15 32 4 5 
15 32 4 23 
15 32 5 22 
15 32 7 13 
15 32 13 4 
15 32 13 7 
15 32 13 23 
15 32 15 8 
15 32 15 10 
15 32 16 15 
15 32 16 23 
15 32 22 34 
15 32 23 12 
15 32 32 33 
15 32 34 8 
15 33 3 6 
15 33 4 11 
15 33 6 15 
15 33 7 10 
15 33 8 4 
15 33 12 12 
15 33 13 2 
15 33 13 5 
15 33 14 4 
15 33 33 34 
15 33 34 12 
15 33 34 13 
15 33 34 16 
15 34 7 6 
15 34 8 4 
15 34 8 11 
15 34 10 12 
15 34 11 16 
15 34 12 33 
15 34 15 34 
15 34 22 4 
15 34 22 6 
15 34 22 14 
15 34 22 25 
15 34 23 7 
15 34 23 23 
15 34 32 23 
15 34 34 34 
16 2 3 8 
16 2 6 10 
16 2 11 12 
16 2 13 32 
16 2 14 33 
16 2 14 34 
16 2 16 7 
16 2 23 25 
16 2 33 15 
16 2 34 7 
16 2 34 10 
16 3 5 12 
16 3 14 14 
16 3 14 15 
16 3 15 22 
16 3 23 7 
16 3 23 8 
16 3 23 33 
16 3 25 2 
16 3 34 11 
16 4 2 4 
16 4 2 32 
16 4 3 16 
16 4 5 10 
16 4 6 2 
16 4 14 3 
16 4 14 6 
16 4 14 15 
16 4 23 12 
16 4 23 13 
16 4 23 16 
16 4 23 32 
16 4 25 16 
16 4 25 34 
16 4 32 12 
16 4 34 22 
16 5 3 23 
16 5 3 33 
16 5 5 2 
16 5 5 3 
16 5 5 25 
16 5 6 33 
16 5 10 8 
16 5 10 11 
16 5 10 13 
16 5 11 8 
16 5 12 25 
16 5 13 7 
16 5 15 7 
16 5 16 3 
16 5 16 6 
16 5 23 15 
16 5 23 33 
16 5 25 16 
16 5 34 7 
16 6 2 25 
16 6 4 16 
16 6 5 16 
16 6 11 12 
16 6 12 25 
16 6 15 23 
16 6 16 33 
16 6 22 6 
16 6 22 15 
16 6 22 23 
16 6 23 3 
16 6 23 5 
16 6 23 11 
16 6 32 4 
16 6 33 3 
16 7 2 11 
16 7 2 32 
16 7 4 3 
16 7 4 15 
16 7 5 2 
16 7 6 5 
16 7 6 7 
16 7 8 11 
16 7 12 14 
16 7 14 2 
16 7 16 2 
16 7 23 16 
16 7 25 13 
16 7 25 14 
16 7 32 8 
16 7 32 12 
16 7 33 7 
16 8 2 7 
16 8 5 10 
16 8 8 16 
16 8 12 14 
16 8 16 2 
16 8 32 5 
16 8 33 23 
16 8 34 6 
16 10 4 16 
16 10 8 16 
16 10 10 16 
16 10 11 14 
16 10 11 22 
16 10 12 23 
16 10 16 33 
16 10 23 32 
16 10 33 22 
16 10 33 23 
16 10 34 15 
16 10 34 23 
16 11 4 11 
16 11 4 16 
16 11 4 23 
16 11 4 33 
16 11 7 15 
16 11 14 13 
16 11 15 25 
16 11 22 6 
16 11 22 33 
16 11 23 2 
16 11 25 2 
16 11 25 32 
16 11 33 7 
16 12 5 10 
16 12 6 7 
16 12 6 32 
16 12 8 15 
16 12 14 33 
16 12 23 10 
16 12 25 7 
16 12 25 15 
16 12 25 23 
16 13 2 2 
16 13 3 10 
16 13 5 5 
16 13 7 12 
16 13 7 32 
16 13 8 4 
16 13 11 6 
16 13 11 13 
16 13 15 5 
16 13 16 8 
16 13 16 25 
16 13 22 25 
16 13 23 7 
16 13 23 25 
16 13 25 14 
16 13 25 23 
16 13 32 10 
16 13 33 5 
16 14 2 25 
16 14 3 23 
16 14 7 23 
16 14 10 32 
16 14 11 8 
16 14 12 6 
16 14 13 32 
16 14 15 16 
16 14 16 5 
16 14 16 8 
16 14 23 13 
16 14 25 10 
16 14 25 34 
16 14 32 11 
16 14 34 8 
16 14 34 25 
16 15 4 15 
16 15 5 33 
16 15 13 15 
16 15 13 25 
16 15 14 11 
16 15 15 8 
16 15 22 11 
16 15 32 7 
16 15 32 32 
16 16 3 15 
16 16 6 13 
16 16 7 3 
16 16 8 7 
16 16 14 13 
16 16 22 11 
16 16 23 4 
16 16 23 16 
16 16 23 23 
16 16 34 10 
16 22 2 12 
16 22 5 8 
16 22 13 3 
16 22 13 4 
16 22 15 6 
16 22 15 23 
16 22 16 4 
16 22 16 14 
16 22 34 2 
16 23 3 5 
16 23 4 2 
16 23 4 23 
16 23 5 23 
16 23 7 23 
16 23 7 32 
16 23 7 34 
16 23 8 8 
16 23 10 3 
16 23 10 14 
16 23 10 22 
16 23 11 25 
16 23 11 32 
16 23 11 33 
16 23 12 8 
16 23 12 14 
16 23 13 7 
16 23 15 4 
16 23 16 34 
16 23 23 14 
16 23 23 23 
16 23 23 33 
16 23 32 15 
16 23 32 23 
16 23 34 4 
16 23 34 12 
16 25 4 14 
16 25 6 14 
16 25 11 4 
16 25 11 10 
16 25 11 14 
16 25 23 14 
16 25 23 22 
16 25 25 6 
16 25 33 6 
16 25 34 10 
16 32 2 11 
16 32 3 34 
16 32 4 15 
16 32 11 6 
16 32 12 10 
16 32 12 32 
16 32 14 6 
16 32 14 8 
16 32 16 11 
16 32 22 13 
16 32 22 23 
16 32 22 25 
16 32 32 14 
16 32 32 15 
16 33 2 6 
16 33 2 32 
16 33 3 13 
16 33 5 23 
16 33 7 2 
16 33 10 3 
16 33 10 25 
16 33 12 22 
16 33 12 33 
16 33 13 4 
16 33 15 2 
16 33 15 34 
16 33 16 2 
16 33 16 5 
16 33 16 7 
16 33 22 32 
16 33 23 14 
16 33 23 32 
16 33 25 14 
16 33 25 22 
16 33 33 14 
16 34 3 25 
16 34 4 34 
16 34 5 25 
16 34 11 3 
16 34 13 23 
16 34 14 3 
16 34 16 13 
16 34 23 10 
16 34 23 25 
16 34 25 11 
16 34 32 3 
16 34 32 32 
22 2 2 23 
22 2 3 10 
22 2 3 15 
22 2 3 23 
22 2 3 33 
22 2 5 8 
22 2 12 22 
22 2 13 16 
22 2 13 34 
22 2 16 4 
22 2 23 2 
22 2 23 3 
22 2 23 13 
22 2 32 23 
22 2 33 23 
22 2 34 14 
22 3 2 23 
22 3 3 10 
22 3 7 8 
22 3 11 34 
22 3 13 25 
22 3 14 7 
22 3 14 14 
22 3 14 33 
22 3 15 14 
22 3 16 16 
22 3 16 23 
22 3 16 33 
22 3 23 7 
22 3 23 32 
22 3 25 25 
22 3 32 16 
22 3 34 8 
22 4 2 13 
22 4 3 34 
22 4 5 25 
22 4 5 34 
22 4 11 3 
22 4 12 23 
22 4 13 34 
22 4 14 2 
22 4 15 12 
22 4 23 11 
22 4 32 2 
22 4 32 4 
22 5 2 3 
22 5 3 6 
22 5 6 23 
22 5 8 3 
22 5 8 13 
22 5 8 14 
22 5 8 22 
22 5 8 23 
22 5 11 14 
22 5 11 23 
22 5 11 34 
22 5 12 15 
22 5 13 23 
22 5 14 23 
22 5 16 4 
22 5 16 11 
22 5 33 5 
22 5 33 12 
22 5 34 22 
22 6 2 32 
22 6 3 4 
22 6 3 12 
22 6 3 13 
22 6 4 11 
22 6 5 5 
22 6 5 10 
22 6 7 6 
22 6 10 8 
22 6 11 3 
22 6 12 6 
22 6 12 12 
22 6 12 15 
22 6 14 7 
22 6 14 15 
22 6 15 10 
22 6 23 4 
22 6 23 8 
22 6 23 23 
22 6 25 23 
22 6 33 33 
22 7 4 3 
22 7 4 8 
22 7 5 8 
22 7 6 4 
22 7 8 15 
22 7 11 25 
22 7 11 33 
22 7 13 23 
22 7 14 5 
22 7 15 22 
22 7 16 2 
22 7 16 34 
22 7 22 2 
22 7 22 6 
22 7 22 12 
22 7 25 10 
22 7 34 23 
22 7 34 34 
22 8 2 5 
22 8 3 8 
22 8 5 3 
22 8 7 7 
22 8 13 13 
22 8 15 2 
22 8 16 16 
22 8 22 33 
22 8 32 23 
22 8 34 2 
22 8 34 10 
22 10 2 3 
22 10 3 7 
22 10 3 8 
22 10 3 25 
22 10 4 32 
22 10 5 3 
22 10 5 23 
22 10 10 34 
22 10 11 23 
22 10 13 16 
22 10 14 14 
22 10 14 15 
22 10 15 3 
22 10 16 3 
22 10 16 5 
22 10 22 3 
22 10 22 22 
22 10 23 5 
22 10 23 16 
22 10 23 23 
22 10 32 13 
22 11 2 4 
22 11 2 6 
22 11 2 12 
22 11 3 4 
22 11 3 34 
22 11 4 32 
22 11 5 2 
22 11 5 25 
22 11 6 14 
22 11 6 32 
22 11 7 3 
22 11 7 4 
22 11 8 3 
22 11 14 23 
22 11 14 34 
22 11 15 8 
22 11 23 7 
22 11 25 7 
22 11 32 5 
22 11 32 15 
22 11 33 14 
22 12 5 13 
22 12 6 32 
22 12 8 3 
22 12 10 2 
22 12 10 32 
22 12 11 6 
22 12 12 13 
22 12 12 16 
22 12 13 12 
22 12 15 11 
22 12 15 32 
22 12 23 16 
22 12 25 7 
22 12 25 23 
22 12 32 3 
22 12 34 11 
22 12 34 12 
22 13 4 33 
22 13 8 34 
22 13 10 13 
22 13 12 7 
22 13 13 6 
22 13 14 11 
22 13 25 3 
22 14 5 10 
22 14 7 6 
22 14 7 15 
22 14 7 23 
22 14 8 10 
22 14 10 7 
22 14 10 15 
22 14 14 4 
22 14 14 34 
22 14 15 25 
22 14 16 33 
22 14 25 11 
22 14 32 32 
22 14 34 7 
22 14 34 13 
22 14 34 33 
22 15 3 23 
22 15 3 34 
22 15 5 8 
22 15 6 33 
22 15 12 15 
22 15 13 4 
22 15 14 8 
22 15 16 34 
22 16 4 4 
22 16 7 8 
22 16 10 11 
22 16 11 2 
22 16 13 11 
22 16 14 16 
22 16 15 6 
22 16 15 8 
22 16 16 34 
22 16 32 16 
22 22 3 23 
22 22 6 25 
22 22 6 33 
22 22 11 13 
22 22 12 33 
22 22 13 22 
22 22 13 33 
22 22 14 2 
22 22 14 23 
22 22 22 15 
22 22 22 34 
22 22 23 15 
22 22 23 23 
22 23 2 8 
22 23 2 14 
22 23 4 13 
22 23 6 16 
22 23 7 16 
22 23 7 32 
22 23 8 2 
22 23 8 23 
22 23 11 7 
22 23 11 33 
22 23 11 34 
22 23 12 12 
22 23 14 7 
22 23 22 10 
22 23 23 11 
22 23 23 15 
22 23 25 16 
22 23 25 22 
22 23 32 16 
22 23 33 7 
22 23 33 15 
22 23 33 33 
22 23 34 6 
22 23 34 15 
22 25 2 7 
22 25 2 8 
22 25 3 7 
22 25 3 23 
22 25 4 15 
22 25 4 34 
22 25 6 23 
22 25 7 3 
22 25 8 14 
22 25 10 6 
22 25 12 6 
22 25 12 15 
22 25 12 23 
22 25 13 2 
22 25 13 23 
22 25 14 14 
22 25 15 10 
22 25 22 3 
22 25 22 4 
22 25 22 12 
22 25 22 16 
22 25 23 2 
22 25 23 15 
22 25 23 34 
22 25 32 4 
22 25 32 12 
22 25 33 13 
22 32 5 8 
22 32 5 14 
22 32 8 33 
22 32 15 5 
22 32 22 2 
22 32 23 7 
22 32 33 33 
22 32 34 25 
22 33 3 14 
22 33 4 5 
22 33 7 23 
22 33 10 10 
22 33 11 32 
22 33 15 4 
22 33 15 23 
22 33 16 12 
22 33 23 33 
22 33 25 11 
22 33 25 15 
22 33 33 16 
22 34 4 33 
22 34 5 2 
22 34 12 6 
22 34 14 11 
22 34 14 34 
22 34 16 22 
22 34 23 15 
22 34 33 4 
22 34 33 13 
22 34 33 23 
22 34 34 22 
23 2 2 8 
23 2 3 23 
23 2 4 13 
23 2 4 23 
23 2 5 4 
23 2 5 22 
23 2 6 5 
23 2 6 8 
23 2 6 23 
23 2 7 2 
23 2 7 8 
23 2 8 8 
23 2 8 33 
23 2 10 33 
23 2 10 34 
23 2 11 13 
23 2 13 3 
23 2 13 8 
23 2 13 15 
23 2 13 32 
23 2 15 8 
23 2 16 34 
23 2 22 10 
23 2 22 32 
23 2 25 34 
23 2 32 5 
23 2 32 16 
23 2 34 4 
23 3 2 22 
23 3 3 2 
23 3 3 8 
23 3 3 13 
23 3 4 16 
23 3 6 11 
23 3 6 23 
23 3 7 23 
23 3 8 13 
23 3 10 25 
23 3 12 32 
23 3 13 2 
23 3 13 8 
23 3 13 13 
23 3 13 22 
23 3 13 25 
23 3 14 13 
23 3 15 3 
23 3 15 11 
23 3 16 23 
23 3 22 25 
23 3 23 3 
23 3 23 7 
23 3 23 12 
23 3 23 13 
23 3 25 5 
23 3 25 10 
23 3 32 7 
23 3 34 23 
23 4 2 7 
23 4 2 23 
23 4 5 11 
23 4 7 23 
23 4 11 23 
23 4 12 7 
23 4 12 8 
23 4 14 7 
23 4 14 10 
23 4 14 12 
23 4 15 4 
23 4 15 33 
23 4 16 13 
23 4 23 11 
23 4 23 33 
23 4 25 6 
23 4 32 7 
23 4 34 2 
23 5 2 22 
23 5 3 5 
23 5 4 6 
23 5 4 11 
23 5 4 14 
23 5 4 33 
23 5 5 13 
23 5 6 3 
23 5 6 7 
23 5 7 16 
23 5 7 25 
23 5 10 12 
23 5 10 15 
23 5 10 23 
23 5 10 32 
23 5 11 12 
23 5 11 23 
23 5 12 6 
23 5 12 25 
23 5 12 34 
23 5 13 14 
23 5 14 4 
23 5 14 25 
23 5 15 12 
23 5 15 33 
23 5 16 33 
23 5 16 34 
23 5 22 16 
23 5 23 4 
23 5 23 8 
23 5 23 14 
23 5 23 16 
23 5 23 23 
23 5 25 32 
23 5 25 33 
23 5 32 13 
23 5 33 11 
23 5 34 13 
23 6 3 14 
23 6 3 16 
23 6 4 2 
23 6 4 12 
23 6 4 34 
23 6 5 10 
23 6 6 6 
23 6 6 15 
23 6 6 16 
23 6 6 22 
23 6 7 16 
23 6 7 23 
23 6 8 12 
23 6 10 22 
23 6 12 15 
23 6 12 16 
23 6 12 23 
23 6 15 13 
23 6 15 14 
23 6 15 25 
23 6 16 34 
23 6 22 5 
23 6 22 7 
23 6 22 33 
23 6 23 4 
23 6 23 15 
23 6 23 34 
23 6 25 7 
23 6 25 15 
23 6 25 25 
23 6 32 5 
23 6 32 10 
23 6 32 11 
23 6 32 25 
23 6 32 33 
23 6 33 2 
23 6 33 11 
23 7 3 4 
23 7 3 13 
23 7 4 3 
23 7 5 14 
23 7 5 15 
23 7 5 34 
23 7 6 4 
23 7 6 12 
23 7 7 7 
23 7 7 25 
23 7 8 6 
23 7 11 12 
23 7 11 13 
23 7 11 23 
23 7 13 2 
23 7 13 5 
23 7 13 10 
23 7 14 32 
23 7 15 2 
23 7 15 5 
23 7 15 6 
23 7 16 4 
23 7 16 5 
23 7 16 14 
23 7 16 23 
23 7 23 8 
23 7 23 13 
23 7 25 23 
23 7 33 12 
23 7 34 10 
23 8 2 13 
23 8 2 14 
23 8 2 23 
23 8 3 8 
23 8 4 32 
23 8 5 32 
23 8 6 33 
23 8 7 5 
23 8 7 33 
23 8 8 4 
23 8 10 7 
23 8 10 8 
23 8 10 23 
23 8 12 32 
23 8 13 8 
23 8 13 23 
23 8 14 23 
23 8 16 12 
23 8 22 33 
23 8 23 13 
23 8 33 14 
23 8 33 15 
23 8 34 32 
23 10 4 25 
23 10 5 10 
23 10 6 22 
23 10 6 23 
23 10 6 34 
23 10 7 12 
23 10 7 14 
23 10 10 6 
23 10 10 7 
23 10 10 32 
23 10 12 4 
23 10 13 3 
23 10 13 10 
23 10 14 15 
23 10 15 16 
23 10 22 7 
23 10 23 5 
23 10 23 11 
23 10 23 25 
23 10 23 32 
23 10 25 13 
23 10 25 16 
23 10 32 15 
23 10 34 2 
23 10 34 12 
23 10 34 33 
23 11 3 16 
23 11 4 8 
23 11 4 11 
23 11 5 4 
23 11 5 16 
23 11 6 4 
23 11 6 8 
23 11 6 23 
23 11 6 32 
23 11 8 13 
23 11 8 14 
23 11 8 15 
23 11 8 33 
23 11 10 6 
23 11 11 7 
23 11 12 22 
23 11 13 5 
23 11 13 6 
23 11 13 8 
23 11 13 23 
23 11 13 33 
23 11 14 23 
23 11 15 34 
23 11 16 3 
23 11 16 12 
23 11 16 25 
23 11 22 15 
23 11 23 2 
23 11 23 12 
23 11 23 16 
23 11 25 3 
23 11 25 5 
23 11 25 10 
23 11 33 10 
23 11 33 15 
23 11 34 2 
23 11 34 14 
23 12 2 25 
23 12 5 12 
23 12 7 5 
23 12 7 8 
23 12 8 12 
23 12 8 23 
23 12 11 4 
23 12 11 23 
23 12 13 13 
23 12 14 22 
23 12 15 16 
23 12 15 34 
23 12 16 10 
23 12 22 5 
23 12 22 15 
23 12 23 2 
23 12 23 34 
23 12 33 8 
23 13 3 11 
23 13 5 8 
23 13 5 23 
23 13 6 14 
23 13 6 15 
23 13 6 25 
23 13 8 6 
23 13 10 6 
23 13 10 10 
23 13 10 33 
23 13 11 10 
23 13 12 5 
23 13 12 16 
23 13 14 2 
23 13 14 33 
23 13 15 12 
23 13 15 15 
23 13 16 8 
23 13 16 34 
23 13 22 13 
23 13 22 33 
23 13 22 34 
23 13 23 6 
23 13 23 8 
23 13 25 13 
23 13 25 22 
23 13 32 6 
23 13 32 13 
23 13 32 14 
23 13 33 14 
23 13 34 2 
23 13 34 12 
23 13 34 13 
23 14 2 8 
23 14 2 16 
23 14 3 25 
23 14 4 2 
23 14 4 34 
23 14 5 11 
23 14 5 13 
23 14 5 25 
23 14 6 4 
23 14 6 33 
23 14 7 16 
23 14 8 7 
23 14 11 2 
23 14 11 8 
23 14 11 32 
23 14 12 32 
23 14 13 7 
23 14 13 11 
23 14 13 16 
23 14 13 22 
23 14 13 23 
23 14 13 33 
23 14 14 32 
23 14 15 22 
23 14 16 8 
23 14 22 23 
23 14 23 4 
23 14 23 6 
23 14 23 23 
23 14 32 10 
23 14 32 15 
23 14 33 22 
23 14 34 5 
23 14 34 15 
23 15 2 6 
23 15 2 14 
23 15 2 16 
23 15 2 33 
23 15 3 6 
23 15 3 22 
23 15 4 5 
23 15 4 13 
23 15 4 15 
23 15 5 5 
23 15 5 23 
23 15 6 34 
23 15 8 25 
23 15 8 32 
23 15 10 4 
23 15 11 32 
23 15 13 2 
23 15 13 11 
23 15 16 16 
23 15 22 12 
23 15 22 32 
23 15 23 5 
23 15 23 6 
23 15 23 8 
23 15 23 14 
23 15 23 25 
23 15 32 2 
23 15 32 5 
23 15 32 11 
23 15 34 22 
23 15 34 25 
23 15 34 32 
23 16 2 6 
23 16 2 16 
23 16 3 2 
23 16 4 23 
23 16 5 2 
23 16 6 3 
23 16 6 33 
23 16 7 2 
23 16 7 3 
23 16 7 33 
23 16 11 11 
23 16 11 14 
23 16 12 5 
23 16 12 8 
23 16 15 22 
23 16 15 32 
23 16 16 12 
23 16 16 23 
23 16 22 34 
23 16 23 8 
23 16 23 32 
23 16 25 10 
23 16 34 4 
23 22 3 8 
23 22 4 6 
23 22 4 16 
23 22 5 12 
23 22 6 22 
23 22 6 34 
23 22 7 22 
23 22 7 34 
23 22 8 23 
23 22 10 25 
23 22 11 2 
23 22 11 15 
23 22 11 25 
23 22 12 8 
23 22 13 12 
23 22 14 33 
23 22 15 3 
23 22 16 12 
23 22 22 10 
23 22 22 23 
23 22 23 23 
23 22 23 34 
23 22 25 23 
23 22 34 22 
23 22 34 34 
23 23 2 23 
23 23 2 25 
23 23 3 23 
23 23 3 33 
23 23 4 15 
23 23 4 22 
23 23 5 5 
23 23 5 6 
23 23 6 12 
23 23 6 23 
23 23 7 11 
23 23 7 14 
23 23 7 22 
23 23 7 33 
23 23 8 14 
23 23 10 6 
23 23 10 12 
23 23 11 5 
23 23 11 32 
23 23 12 25 
23 23 12 34 
23 23 13 13 
23 23 13 16 
23 23 14 3 
23 23 14 8 
23 23 14 34 
23 23 15 10 
23 23 16 2 
23 23 16 22 
23 23 16 33 
23 23 22 3 
23 23 23 4 
23 23 23 5 
23 23 23 10 
23 23 23 11 
23 23 23 23 
23 23 23 32 
23 23 25 2 
23 23 25 12 
23 23 25 16 
23 23 25 23 
23 23 32 4 
23 23 33 4 
23 23 33 14 
23 23 33 23 
23 25 2 5 
23 25 2 10 
23 25 3 33 
23 25 4 7 
23 25 4 32 
23 25 5 22 
23 25 5 25 
23 25 7 2 
23 25 8 2 
23 25 8 7 
23 25 10 2 
23 25 10 23 
23 25 11 14 
23 25 13 15 
23 25 13 25 
23 25 14 3 
23 25 14 6 
23 25 14 15 
23 25 14 23 
23 25 15 34 
23 25 16 33 
23 25 16 34 
23 25 22 15 
23 25 22 34 
23 25 23 16 
23 25 23 22 
23 25 23 25 
23 25 25 25 
23 25 32 32 
23 32 2 6 
23 32 2 25 
23 32 2 34 
23 32 4 11 
23 32 4 13 
23 32 4 14 
23 32 4 15 
23 32 5 3 
23 32 5 7 
23 32 6 8 
23 32 7 11 
23 32 7 22 
23 32 7 25 
23 32 8 32 
23 32 10 4 
23 32 10 23 
23 32 11 4 
23 32 11 6 
23 32 11 32 
23 32 12 5 
23 32 12 6 
23 32 12 7 
23 32 12 12 
23 32 12 34 
23 32 13 11 
23 32 15 7 
23 32 15 14 
23 32 15 34 
23 32 16 14 
23 32 22 15 
23 32 22 23 
23 32 23 13 
23 32 23 34 
23 32 25 34 
23 32 32 5 
23 32 32 32 
23 32 33 14 
23 32 33 23 
23 33 2 3 
23 33 2 7 
23 33 2 8 
23 33 4 10 
23 33 4 14 
23 33 4 16 
23 33 4 32 
23 33 6 7 
23 33 7 2 
23 33 7 25 
23 33 10 22 
23 33 11 8 
23 33 11 11 
23 33 11 23 
23 33 11 34 
23 33 12 4 
23 33 12 11 
23 33 12 15 
23 33 13 11 
23 33 13 14 
23 33 13 23 
23 33 13 34 
23 33 14 23 
23 33 16 6 
23 33 16 7 
23 33 16 12 
23 33 16 23 
23 33 23 4 
23 33 23 22 
23 33 23 23 
23 33 23 32 
23 33 25 10 
23 33 25 11 
23 33 33 22 
23 33 34 34 
23 34 2 23 
23 34 5 14 
23 34 6 10 
23 34 6 23 
23 34 7 4 
23 34 8 2 
23 34 8 23 
23 34 11 11 
23 34 11 12 
23 34 12 3 
23 34 12 11 
23 34 12 14 
23 34 13 14 
23 34 13 33 
23 34 14 2 
23 34 15 4 
23 34 16 5 
23 34 16 10 
23 34 16 14 
23 34 16 23 
23 34 22 7 
23 34 22 10 
23 34 23 2 
23 34 23 8 
23 34 32 7 
23 34 33 7 
25 2 2 4 
25 2 4 3 
25 2 4 11 
25 2 5 2 
25 2 5 23 
25 2 7 3 
25 2 8 7 
25 2 10 15 
25 2 13 10 
25 2 15 16 
25 2 23 7 
25 2 32 3 
25 2 33 14 
25 2 34 4 
25 2 34 22 
25 3 2 23 
25 3 6 2 
25 3 6 5 
25 3 6 11 
25 3 7 2 
25 3 11 5 
25 3 13 34 
25 3 14 22 
25 3 16 12 
25 3 16 16 
25 3 22 33 
25 3 23 4 
25 3 33 23 
25 3 33 25 
25 3 34 2 
25 4 2 34 
25 4 7 5 
25 4 7 22 
25 4 8 22 
25 4 11 3 
25 4 13 11 
25 4 16 11 
25 4 22 15 
25 4 32 15 
25 4 32 23 
25 4 34 25 
25 5 2 14 
25 5 5 33 
25 5 6 12 
25 5 13 22 
25 5 16 4 
25 5 16 14 
25 5 22 33 
25 5 23 4 
25 5 23 10 
25 5 25 15 
25 5 25 32 
25 5 32 2 
25 5 32 25 
25 5 34 7 
25 6 5 14 
25 6 6 10 
25 6 8 8 
25 6 11 23 
25 6 15 12 
25 6 25 10 
25 6 32 23 
25 7 4 23 
25 7 4 33 
25 7 7 10 
25 7 11 22 
25 7 13 14 
25 7 14 13 
25 7 15 8 
25 7 16 14 
25 8 4 2 
25 8 4 10 
25 8 6 7 
25 8 6 16 
25 8 6 34 
25 8 7 7 
25 8 7 23 
25 8 10 6 
25 8 11 11 
25 8 13 14 
25 8 13 15 
25 8 15 34 
25 8 22 4 
25 8 23 3 
25 8 23 15 
25 8 23 23 
25 8 32 3 
25 8 33 3 
25 8 34 8 
25 8 34 22 
25 10 3 11 
25 10 3 33 
25 10 7 2 
25 10 7 5 
25 10 10 4 
25 10 15 7 
25 10 15 34 
25 10 16 33 
25 10 23 10 
25 10 25 13 
25 10 33 3 
25 10 33 16 
25 10 34 13 
25 10 34 34 
25 11 3 6 
25 11 4 6 
25 11 4 22 
25 11 5 11 
25 11 5 12 
25 11 8 14 
25 11 8 16 
25 11 12 23 
25 11 12 34 
25 11 14 7 
25 11 15 12 
25 11 16 5 
25 11 16 23 
25 11 32 3 
25 11 34 34 
25 12 2 10 
25 12 4 12 
25 12 4 33 
25 12 5 25 
25 12 12 6 
25 12 12 15 
25 12 12 34 
25 12 13 5 
25 12 16 4 
25 12 22 13 
25 12 23 3 
25 12 23 32 
25 12 25 3 
25 12 25 16 
25 12 25 34 
25 12 33 34 
25 13 2 3 
25 13 3 33 
25 13 4 16 
25 13 5 25 
25 13 6 2 
25 13 6 12 
25 13 7 2 
25 13 12 6 
25 13 13 15 
25 13 23 22 
25 13 25 16 
25 13 33 23 
25 14 2 15 
25 14 5 11 
25 14 6 13 
25 14 7 23 
25 14 8 23 
25 14 11 6 
25 14 14 7 
25 14 16 14 
25 14 23 13 
25 14 32 6 
25 14 32 23 
25 14 34 8 
25 15 2 7 
25 15 5 4 
25 15 7 4 
25 15 10 23 
25 15 11 6 
25 15 11 32 
25 15 15 3 
25 15 15 8 
25 15 15 25 
25 15 23 15 
25 15 25 2 
25 15 25 11 
25 15 25 34 
25 15 34 7 
25 15 34 10 
25 15 34 14 
25 15 34 16 
25 16 5 25 
25 16 6 4 
25 16 6 10 
25 16 6 13 
25 16 7 32 
25 16 8 6 
25 16 10 7 
25 16 10 25 
25 16 13 11 
25 16 13 34 
25 16 15 11 
25 16 16 10 
25 16 16 13 
25 16 16 33 
25 16 22 25 
25 16 23 23 
25 16 23 33 
25 16 32 10 
25 22 4 12 
25 22 6 11 
25 22 6 14 
25 22 7 8 
25 22 10 32 
25 22 12 22 
25 22 14 23 
25 22 15 25 
25 22 16 7 
25 22 22 14 
25 22 23 11 
25 22 23 14 
25 22 23 34 
25 22 32 11 
25 22 32 34 
25 22 34 6 
25 23 2 12 
25 23 2 23 
25 23 4 16 
25 23 4 22 
25 23 4 23 
25 23 5 7 
25 23 8 3 
25 23 8 7 
25 23 10 7 
25 23 11 6 
25 23 11 8 
25 23 12 4 
25 23 12 10 
25 23 13 4 
25 23 13 6 
25 23 14 8 
25 23 14 16 
25 23 14 23 
25 23 15 3 
25 23 15 4 
25 23 15 14 
25 23 16 4 
25 23 23 11 
25 23 23 16 
25 23 23 23 
25 23 23 33 
25 23 33 6 
25 23 34 5 
25 25 4 25 
25 25 8 32 
25 25 10 6 
25 25 11 32 
25 25 13 23 
25 25 14 6 
25 25 16 23 
25 25 22 15 
25 25 23 16 
25 25 25 5 
25 25 25 34 
25 32 4 8 
25 32 7 2 
25 32 15 7 
25 32 16 4 
25 32 23 5 
25 33 2 25 
25 33 3 8 
25 33 3 23 
25 33 4 32 
25 33 5 33 
25 33 6 33 
25 33 7 32 
25 33 10 23 
25 33 10 34 
25 33 11 4 
25 33 16 25 
25 33 22 23 
25 33 23 5 
25 33 23 7 
25 33 33 10 
25 33 33 32 
25 34 8 6 
25 34 10 22 
25 34 12 34 
25 34 13 22 
25 34 13 25 
25 34 15 11 
25 34 16 12 
25 34 23 7 
25 34 25 2 
25 34 33 34 
32 2 4 23 
32 2 8 5 
32 2 8 13 
32 2 11 10 
32 2 13 2 
32 2 13 34 
32 2 14 10 
32 2 16 16 
32 2 16 33 
32 2 22 34 
32 2 23 3 
32 2 23 14 
32 2 23 32 
32 2 25 7 
32 2 32 32 
32 2 34 4 
32 3 2 2 
32 3 4 7 
32 3 4 25 
32 3 7 34 
32 3 11 10 
32 3 16 33 
32 3 22 3 
32 3 25 12 
32 3 32 10 
32 3 33 3 
32 4 3 23 
32 4 4 25 
32 4 11 34 
32 4 12 15 
32 4 14 33 
32 4 15 8 
32 4 23 13 
32 4 25 3 
32 4 25 11 
32 4 33 6 
32 5 8 13 
32 5 10 3 
32 5 10 33 
32 5 11 10 
32 5 13 10 
32 5 13 14 
32 5 16 23 
32 5 22 33 
32 5 23 33 
32 5 25 22 
32 6 3 16 
32 6 5 2 
32 6 6 32 
32 6 10 12 
32 6 11 5 
32 6 11 10 
32 6 12 33 
32 6 15 23 
32 6 22 12 
32 6 22 23 
32 6 23 12 
32 6 23 15 
32 6 32 8 
32 6 33 2 
32 7 6 33 
32 7 7 23 
32 7 8 3 
32 7 8 5 
32 7 8 22 
32 7 10 12 
32 7 10 22 
32 7 11 10 
32 7 12 14 
32 7 13 12 
32 7 16 13 
32 7 22 7 
32 7 22 8 
32 7 22 23 
32 7 34 11 
32 8 2 15 
32 8 3 22 
32 8 4 2 
32 8 7 2 
32 8 7 3 
32 8 7 32 
32 8 11 3 
32 8 16 13 
32 8 16 23 
32 8 23 23 
32 8 23 32 
32 8 34 5 
32 8 34 33 
32 10 2 4 
32 10 2 6 
32 10 6 33 
32 10 7 25 
32 10 7 33 
32 10 8 13 
32 10 10 6 
32 10 11 5 
32 10 11 34 
32 10 12 16 
32 10 12 25 
32 10 13 32 
32 10 16 23 
32 10 22 33 
32 10 23 4 
32 10 23 8 
32 10 23 16 
32 10 25 15 
32 10 25 25 
32 10 25 32 
32 10 32 22 
32 11 3 23 
32 11 3 33 
32 11 4 3 
32 11 5 11 
32 11 6 23 
32 11 7 25 
32 11 8 7 
32 11 8 22 
32 11 11 4 
32 11 13 10 
32 11 22 14 
32 11 23 11 
32 11 23 25 
32 11 32 5 
32 11 33 6 
32 11 33 22 
32 11 34 11 
32 12 5 12 
32 12 6 11 
32 12 8 12 
32 12 10 6 
32 12 10 11 
32 12 14 6 
32 12 15 2 
32 12 15 5 
32 12 22 7 
32 12 23 6 
32 12 25 12 
32 12 33 2 
32 13 3 13 
32 13 4 25 
32 13 7 8 
32 13 7 23 
32 13 10 33 
32 13 12 6 
32 13 12 11 
32 13 12 32 
32 13 16 4 
32 13 34 23 
32 14 2 23 
32 14 2 34 
32 14 3 16 
32 14 4 8 
32 14 5 8 
32 14 5 22 
32 14 8 5 
32 14 10 4 
32 14 11 22 
32 14 12 3 
32 14 12 15 
32 14 14 32 
32 14 15 2 
32 14 25 5 
32 14 25 33 
32 14 34 11 
32 15 2 8 
32 15 3 32 
32 15 6 32 
32 15 10 22 
32 15 11 2 
32 15 15 12 
32 15 22 14 
32 15 25 4 
32 16 2 16 
32 16 5 25 
32 16 10 10 
32 16 10 13 
32 16 11 2 
32 16 11 12 
32 16 12 23 
32 16 14 13 
32 16 14 34 
32 16 16 7 
32 16 23 2 
32 16 32 16 
32 22 4 7 
32 22 5 25 
32 22 6 25 
32 22 8 4 
32 22 8 8 
32 22 8 16 
32 22 12 8 
32 22 12 23 
32 22 13 25 
32 22 15 3 
32 22 15 14 
32 22 15 15 
32 22 25 4 
32 22 25 5 
32 23 2 11 
32 23 3 25 
32 23 4 11 
32 23 4 16 
32 23 5 22 
32 23 5 23 
32 23 8 11 
32 23 10 11 
32 23 11 25 
32 23 11 34 
32 23 12 10 
32 23 12 22 
32 23 14 8 
32 23 16 33 
32 23 22 4 
32 23 25 2 
32 23 25 14 
32 23 32 3 
32 23 32 10 
32 23 32 22 
32 23 33 4 
32 23 33 32 
32 23 34 6 
32 23 34 33 
32 25 3 8 
32 25 4 16 
32 25 6 6 
32 25 6 23 
32 25 8 32 
32 25 10 10 
32 25 10 33 
32 25 12 8 
32 25 12 25 
32 25 13 14 
32 25 15 2 
32 25 25 14 
32 32 2 22 
32 32 3 15 
32 32 5 7 
32 32 5 15 
32 32 7 10 
32 32 7 23 
32 32 8 14 
32 32 23 25 
32 32 23 34 
32 32 32 7 
32 32 32 8 
32 32 34 10 
32 33 3 32 
32 33 5 34 
32 33 6 2 
32 33 7 2 
32 33 8 22 
32 33 11 15 
32 33 13 8 
32 33 13 32 
32 33 14 25 
32 33 15 11 
32 33 15 15 
32 33 16 12 
32 33 32 6 
32 34 2 3 
32 34 4 23 
32 34 5 6 
32 34 10 16 
32 34 13 10 
32 34 13 13 
32 34 13 16 
32 34 15 23 
32 34 15 25 
32 34 16 6 
32 34 16 33 
32 34 23 3 
32 34 23 4 
32 34 32 4 
32 34 32 25 
32 34 32 33 
32 34 34 4 
32 34 34 23 
33 2 3 3 
33 2 3 16 
33 2 5 7 
33 2 5 22 
33 2 10 11 
33 2 13 11 
33 2 16 23 
33 2 22 4 
33 2 32 2 
33 2 32 16 
33 2 33 6 
33 2 33 16 
33 2 34 10 
33 3 2 16 
33 3 8 2 
33 3 8 11 
33 3 8 25 
33 3 10 2 
33 3 11 11 
33 3 12 13 
33 3 22 5 
33 3 22 6 
33 3 22 23 
33 3 23 13 
33 3 23 32 
33 3 25 15 
33 3 25 34 
33 3 32 13 
33 4 2 33 
33 4 6 23 
33 4 7 22 
33 4 7 32 
33 4 11 14 
33 4 12 10 
33 4 14 2 
33 4 14 3 
33 4 14 25 
33 4 15 14 
33 4 16 8 
33 4 23 2 
33 4 23 23 
33 4 32 25 
33 4 34 3 
33 5 4 10 
33 5 5 6 
33 5 5 33 
33 5 6 22 
33 5 6 23 
33 5 12 22 
33 5 13 34 
33 5 22 22 
33 5 23 2 
33 5 23 6 
33 5 32 23 
33 5 34 16 
33 6 2 8 
33 6 3 23 
33 6 4 22 
33 6 5 4 
33 6 7 4 
33 6 8 11 
33 6 13 3 
33 6 13 16 
33 6 13 34 
33 6 15 4 
33 6 23 10 
33 6 32 12 
33 6 33 2 
33 6 34 3 
33 7 3 2 
33 7 4 4 
33 7 6 14 
33 7 6 22 
33 7 8 12 
33 7 13 11 
33 7 14 2 
33 7 14 4 
33 7 14 12 
33 7 22 2 
33 7 23 7 
33 7 23 14 
33 7 23 23 
33 7 25 8 
33 7 25 13 
33 7 25 32 
33 7 32 5 
33 7 34 14 
33 7 34 33 
33 8 2 23 
33 8 4 32 
33 8 6 7 
33 8 7 2 
33 8 7 5 
33 8 10 2 
33 8 13 25 
33 8 22 10 
33 8 23 23 
33 8 33 11 
33 8 33 23 
33 10 2 23 
33 10 4 34 
33 10 5 23 
33 10 10 33 
33 10 13 23 
33 10 15 32 
33 10 16 6 
33 10 22 13 
33 10 22 25 
33 10 23 23 
33 10 32 4 
33 10 32 10 
33 10 33 13 
33 10 33 32 
33 11 3 8 
33 11 4 6 
33 11 5 7 
33 11 5 16 
33 11 6 8 
33 11 7 15 
33 11 8 10 
33 11 10 4 
33 11 10 11 
33 11 11 15 
33 11 11 25 
33 11 12 4 
33 11 13 16 
33 11 13 33 
33 11 14 6 
33 11 14 8 
33 11 14 15 
33 11 16 2 
33 11 22 2 
33 11 22 3 
33 11 22 4 
33 11 33 10 
33 12 2 22 
33 12 4 5 
33 12 4 13 
33 12 4 32 
33 12 5 32 
33 12 6 2 
33 12 6 32 
33 12 11 7 
33 12 12 14 
33 12 12 15 
33 12 12 16 
33 12 16 3 
33 12 16 12 
33 12 23 13 
33 12 32 2 
33 12 32 3 
33 12 32 5 
33 12 33 13 
33 12 34 15 
33 13 4 13 
33 13 4 14 
33 13 10 34 
33 13 13 23 
33 13 16 34 
33 13 23 6 
33 13 23 10 
33 13 23 22 
33 13 34 3 
33 14 3 11 
33 14 5 6 
33 14 5 34 
33 14 6 6 
33 14 6 23 
33 14 7 3 
33 14 7 11 
33 14 10 7 
33 14 13 2 
33 14 13 3 
33 14 13 7 
33 14 14 22 
33 14 16 5 
33 14 16 6 
33 14 16 22 
33 14 16 23 
33 14 33 8 
33 14 34 2 
33 14 34 11 
33 14 34 14 
33 15 3 12 
33 15 5 2 
33 15 5 13 
33 15 5 23 
33 15 7 33 
33 15 11 11 
33 15 12 14 
33 15 12 15 
33 15 13 8 
33 15 14 32 
33 15 15 6 
33 15 16 10 
33 15 22 8 
33 15 23 11 
33 15 32 5 
33 15 32 34 
33 15 34 4 
33 16 3 6 
33 16 3 12 
33 16 6 8 
33 16 6 32 
33 16 7 25 
33 16 12 14 
33 16 14 34 
33 16 15 13 
33 16 22 13 
33 16 22 14 
33 16 23 11 
33 16 23 33 
33 16 25 11 
33 16 32 3 
33 16 33 23 
33 16 34 10 
33 22 4 10 
33 22 6 4 
33 22 6 5 
33 22 10 23 
33 22 12 3 
33 22 12 34 
33 22 13 10 
33 22 13 34 
33 22 22 7 
33 22 23 15 
33 22 25 4 
33 22 25 11 
33 22 33 16 
33 23 2 12 
33 23 3 3 
33 23 4 25 
33 23 5 3 
33 23 5 13 
33 23 6 15 
33 23 6 23 
33 23 7 14 
33 23 8 25 
33 23 10 14 
33 23 10 23 
33 23 12 4 
33 23 15 23 
33 23 25 12 
33 23 25 15 
33 23 32 4 
33 23 32 8 
33 23 33 4 
33 23 33 23 
33 23 33 32 
33 25 3 22 
33 25 5 12 
33 25 6 6 
33 25 6 25 
33 25 8 14 
33 25 10 5 
33 25 11 34 
33 25 13 8 
33 25 14 5 
33 25 33 34 
33 32 4 10 
33 32 5 3 
33 32 5 10 
33 32 6 12 
33 32 10 16 
33 32 11 10 
33 32 16 5 
33 32 22 7 
33 32 22 15 
33 32 23 8 
33 32 23 33 
33 32 32 23 
33 32 34 23 
33 33 4 23 
33 33 15 4 
33 33 16 15 
33 33 23 7 
33 33 23 15 
33 33 25 6 
33 33 32 25 
33 33 33 23 
33 33 34 11 
33 34 4 12 
33 34 5 2 
33 34 6 4 
33 34 7 14 
33 34 11 14 
33 34 11 25 
33 34 12 23 
33 34 14 16 
33 34 15 3 
33 34 16 22 
33 34 23 13 
34 2 4 14 
34 2 11 3 
34 2 11 8 
34 2 13 16 
34 2 14 25 
34 2 23 23 
34 2 23 34 
34 3 3 7 
34 3 5 6 
34 3 5 25 
34 3 10 6 
34 3 10 7 
34 3 13 2 
34 3 16 32 
34 3 23 15 
34 3 25 12 
34 3 32 15 
34 3 33 2 
34 3 33 33 
34 4 4 23 
34 4 5 33 
34 4 7 8 
34 4 8 32 
34 4 10 33 
34 4 13 33 
34 4 14 7 
34 4 16 4 
34 4 16 7 
34 4 23 15 
34 4 23 34 
34 4 32 6 
34 4 32 25 
34 4 34 7 
34 4 34 13 
34 5 2 12 
34 5 2 14 
34 5 4 23 
34 5 6 3 
34 5 10 2 
34 5 10 10 
34 5 11 14 
34 5 12 8 
34 5 12 11 
34 5 12 16 
34 5 14 34 
34 5 15 6 
34 5 15 11 
34 5 15 25 
34 5 16 12 
34 5 23 34 
34 5 32 12 
34 5 33 13 
34 5 33 15 
34 5 34 16 
34 6 2 8 
34 6 3 3 
34 6 3 8 
34 6 3 10 
34 6 3 32 
34 6 4 32 
34 6 5 25 
34 6 6 11 
34 6 7 16 
34 6 8 16 
34 6 11 4 
34 6 11 5 
34 6 12 5 
34 6 12 15 
34 6 14 23 
34 6 15 3 
34 6 16 13 
34 6 23 14 
34 6 32 34 
34 7 2 6 
34 7 4 32 
34 7 5 5 
34 7 6 22 
34 7 7 25 
34 7 14 25 
34 7 15 3 
34 7 16 10 
34 7 22 2 
34 7 22 4 
34 7 22 7 
34 7 22 14 
34 7 34 2 
34 8 2 15 
34 8 4 5 
34 8 4 11 
34 8 4 23 
34 8 6 34 
34 8 7 4 
34 8 8 23 
34 8 10 33 
34 8 11 3 
34 8 11 5 
34 8 11 33 
34 8 33 11 
34 10 2 23 
34 10 3 14 
34 10 3 15 
34 10 3 22 
34 10 6 6 
34 10 6 11 
34 10 7 10 
34 10 8 2 
34 10 15 25 
34 10 16 10 
34 10 16 16 
34 10 22 16 
34 10 23 6 
34 10 23 23 
34 10 25 25 
34 10 33 23 
34 10 34 8 
34 11 7 15 
34 11 8 5 
34 11 12 8 
34 11 12 12 
34 11 14 6 
34 11 22 14 
34 11 22 23 
34 11 22 34 
34 11 32 25 
34 11 33 23 
34 12 2 23 
34 12 4 2 
34 12 5 16 
34 12 5 22 
34 12 5 32 
34 12 8 23 
34 12 8 34 
34 12 10 34 
34 12 12 13 
34 12 12 32 
34 12 14 5 
34 12 15 11 
34 12 16 5 
34 12 22 16 
34 12 23 15 
34 12 25 15 
34 12 25 32 
34 12 32 4 
34 12 34 13 
34 13 3 10 
34 13 3 23 
34 13 3 32 
34 13 7 23 
34 13 8 23 
34 13 10 4 
34 13 10 10 
34 13 10 13 
34 13 12 14 
34 13 13 6 
34 13 14 10 
34 13 15 22 
34 13 16 8 
34 13 22 5 
34 13 22 34 
34 13 23 14 
34 13 25 7 
34 13 25 25 
34 13 34 34 
34 14 2 5 
34 14 2 11 
34 14 4 22 
34 14 7 25 
34 14 8 11 
34 14 12 23 
34 14 13 8 
34 14 15 3 
34 14 15 23 
34 14 23 22 
34 14 25 6 
34 14 25 7 
34 14 32 14 
34 15 2 6 
34 15 5 15 
34 15 6 4 
34 15 12 6 
34 15 13 6 
34 15 13 13 
34 15 14 10 
34 15 16 10 
34 15 16 13 
34 15 16 34 
34 15 22 5 
34 15 23 15 
34 15 25 13 
34 15 34 8 
34 15 34 15 
34 16 2 2 
34 16 2 32 
34 16 3 14 
34 16 4 14 
34 16 4 34 
34 16 7 5 
34 16 7 6 
34 16 7 7 
34 16 10 23 
34 16 10 25 
34 16 11 22 
34 16 12 8 
34 16 12 23 
34 16 22 7 
34 16 23 25 
34 16 23 34 
34 16 32 25 
34 16 33 23 
34 22 2 8 
34 22 2 25 
34 22 3 25 
34 22 3 34 
34 22 5 3 
34 22 6 6 
34 22 6 8 
34 22 12 14 
34 22 12 16 
34 22 13 22 
34 22 14 12 
34 22 15 4 
34 22 16 8 
34 22 23 7 
34 22 25 14 
34 23 2 8 
34 23 2 12 
34 23 3 4 
34 23 3 11 
34 23 5 6 
34 23 5 33 
34 23 6 3 
34 23 6 33 
34 23 7 2 
34 23 7 4 
34 23 8 5 
34 23 10 10 
34 23 12 4 
34 23 12 11 
34 23 12 23 
34 23 13 22 
34 23 13 25 
34 23 15 2 
34 23 15 4 
34 23 22 5 
34 23 23 4 
34 23 23 10 
34 23 23 12 
34 23 32 10 
34 23 34 6 
34 25 2 22 
34 25 4 7 
34 25 4 34 
34 25 5 7 
34 25 5 23 
34 25 6 34 
34 25 11 7 
34 25 12 33 
34 25 13 15 
34 25 14 13 
34 25 23 25 
34 32 2 6 
34 32 2 22 
34 32 3 4 
34 32 3 25 
34 32 4 25 
34 32 5 8 
34 32 5 16 
34 32 7 33 
34 32 8 3 
34 32 8 14 
34 32 13 14 
34 32 15 32 
34 32 32 34 
34 32 34 33 
34 33 2 8 
34 33 4 5 
34 33 6 3 
34 33 6 13 
34 33 10 7 
34 33 11 25 
34 33 11 32 
34 33 13 23 
34 33 14 15 
34 33 16 23 
34 33 22 5 
34 33 22 15 
34 33 25 22 
34 33 33 14 
34 34 2 8 
34 34 3 10 
34 34 4 14 
34 34 5 22 
34 34 5 34 
34 34 6 7 
34 34 10 3 
34 34 10 16 
34 34 11 3 
34 34 11 7 
34 34 11 23 
34 34 12 6 
34 34 23 13 
34 34 25 14 
34 34 33 16 
